index,color,Red-Blue,Red-Green,Blue-Green,prefix_Green,prefix_Blue,prefix_Red
1,Green,0,-1,-1,1,0,0
2,Blue,-1,-1,0,1,1,0
3,Green,-1,-2,-1,2,1,0
4,Blue,-2,-2,0,2,2,0
5,Blue,-3,-2,1,2,3,0
6,Blue,-4,-2,2,2,4,0
7,Green,-4,-3,1,3,4,0
8,Blue,-5,-3,2,3,5,0
9,Red,-4,-2,2,3,5,1
10,Green,-4,-3,1,4,5,1
11,Green,-4,-4,0,5,5,1
12,Green,-4,-5,-1,6,5,1
13,Green,-4,-6,-2,7,5,1
14,Green,-4,-7,-3,8,5,1
15,Red,-3,-6,-3,8,5,2
16,Red,-2,-5,-3,8,5,3
17,Red,-1,-4,-3,8,5,4
18,Green,-1,-5,-4,9,5,4
19,Green,-1,-6,-5,10,5,4
20,Blue,-2,-6,-4,10,6,4
21,Blue,-3,-6,-3,10,7,4
22,Red,-2,-5,-3,10,7,5
23,Green,-2,-6,-4,11,7,5
24,Red,-1,-5,-4,11,7,6
25,Blue,-2,-5,-3,11,8,6
26,Blue,-3,-5,-2,11,9,6
27,Blue,-4,-5,-1,11,10,6
28,Green,-4,-6,-2,12,10,6
29,Blue,-5,-6,-1,12,11,6
30,Blue,-6,-6,0,12,12,6
31,Blue,-7,-6,1,12,13,6
32,Blue,-8,-6,2,12,14,6
33,Blue,-9,-6,3,12,15,6
34,Green,-9,-7,2,13,15,6
35,Red,-8,-6,2,13,15,7
36,Blue,-9,-6,3,13,16,7
37,Green,-9,-7,2,14,16,7
38,Red,-8,-6,2,14,16,8
39,Blue,-9,-6,3,14,17,8
40,Green,-9,-7,2,15,17,8
41,Green,-9,-8,1,16,17,8
42,Blue,-10,-8,2,16,18,8
43,Green,-10,-9,1,17,18,8
44,Green,-10,-10,0,18,18,8
45,Blue,-11,-10,1,18,19,8
46,Green,-11,-11,0,19,19,8
47,Red,-10,-10,0,19,19,9
48,Green,-10,-11,-1,20,19,9
49,Blue,-11,-11,0,20,20,9
50,Blue,-12,-11,1,20,21,9
51,Red,-11,-10,1,20,21,10
52,Green,-11,-11,0,21,21,10
53,Green,-11,-12,-1,22,21,10
54,Blue,-12,-12,0,22,22,10
55,Red,-11,-11,0,22,22,11
56,Green,-11,-12,-1,23,22,11
57,Blue,-12,-12,0,23,23,11
58,Red,-11,-11,0,23,23,12
59,Red,-10,-10,0,23,23,13
60,Red,-9,-9,0,23,23,14
61,Blue,-10,-9,1,23,24,14
62,Red,-9,-8,1,23,24,15
63,Green,-9,-9,0,24,24,15
64,Red,-8,-8,0,24,24,16
65,Red,-7,-7,0,24,24,17
66,Blue,-8,-7,1,24,25,17
67,Green,-8,-8,0,25,25,17
68,Green,-8,-9,-1,26,25,17
69,Blue,-9,-9,0,26,26,17
70,Red,-8,-8,0,26,26,18
71,Green,-8,-9,-1,27,26,18
72,Red,-7,-8,-1,27,26,19
73,Green,-7,-9,-2,28,26,19
74,Blue,-8,-9,-1,28,27,19
75,Green,-8,-10,-2,29,27,19
76,Red,-7,-9,-2,29,27,20
77,Blue,-8,-9,-1,29,28,20
78,Blue,-9,-9,0,29,29,20
79,Blue,-10,-9,1,29,30,20
80,Green,-10,-10,0,30,30,20
81,Red,-9,-9,0,30,30,21
82,Red,-8,-8,0,30,30,22
83,Green,-8,-9,-1,31,30,22
84,Red,-7,-8,-1,31,30,23
85,Green,-7,-9,-2,32,30,23
86,Red,-6,-8,-2,32,30,24
87,Green,-6,-9,-3,33,30,24
88,Green,-6,-10,-4,34,30,24
89,Blue,-7,-10,-3,34,31,24
90,Red,-6,-9,-3,34,31,25
91,Red,-5,-8,-3,34,31,26
92,Blue,-6,-8,-2,34,32,26
93,Blue,-7,-8,-1,34,33,26
94,Green,-7,-9,-2,35,33,26
95,Red,-6,-8,-2,35,33,27
96,Blue,-7,-8,-1,35,34,27
97,Blue,-8,-8,0,35,35,27
98,Red,-7,-7,0,35,35,28
99,Green,-7,-8,-1,36,35,28
100,Green,-7,-9,-2,37,35,28
101,Red,-6,-8,-2,37,35,29
102,Red,-5,-7,-2,37,35,30
103,Blue,-6,-7,-1,37,36,30
104,Green,-6,-8,-2,38,36,30
105,Red,-5,-7,-2,38,36,31
106,Blue,-6,-7,-1,38,37,31
107,Red,-5,-6,-1,38,37,32
108,Green,-5,-7,-2,39,37,32
109,Green,-5,-8,-3,40,37,32
110,Green,-5,-9,-4,41,37,32
111,Blue,-6,-9,-3,41,38,32
112,Blue,-7,-9,-2,41,39,32
113,Green,-7,-10,-3,42,39,32
114,Green,-7,-11,-4,43,39,32
115,Blue,-8,-11,-3,43,40,32
116,Red,-7,-10,-3,43,40,33
117,Green,-7,-11,-4,44,40,33
118,Blue,-8,-11,-3,44,41,33
119,Blue,-9,-11,-2,44,42,33
120,Green,-9,-12,-3,45,42,33
121,Red,-8,-11,-3,45,42,34
122,Red,-7,-10,-3,45,42,35
123,Green,-7,-11,-4,46,42,35
124,Red,-6,-10,-4,46,42,36
125,Red,-5,-9,-4,46,42,37
126,Red,-4,-8,-4,46,42,38
127,Green,-4,-9,-5,47,42,38
128,Red,-3,-8,-5,47,42,39
129,Red,-2,-7,-5,47,42,40
130,Blue,-3,-7,-4,47,43,40
131,Red,-2,-6,-4,47,43,41
132,Blue,-3,-6,-3,47,44,41
133,Red,-2,-5,-3,47,44,42
134,Blue,-3,-5,-2,47,45,42
135,Red,-2,-4,-2,47,45,43
136,Red,-1,-3,-2,47,45,44
137,Blue,-2,-3,-1,47,46,44
138,Green,-2,-4,-2,48,46,44
139,Blue,-3,-4,-1,48,47,44
140,Blue,-4,-4,0,48,48,44
141,Blue,-5,-4,1,48,49,44
142,Red,-4,-3,1,48,49,45
143,Green,-4,-4,0,49,49,45
144,Green,-4,-5,-1,50,49,45
145,Green,-4,-6,-2,51,49,45
146,Red,-3,-5,-2,51,49,46
147,Red,-2,-4,-2,51,49,47
148,Green,-2,-5,-3,52,49,47
149,Red,-1,-4,-3,52,49,48
150,Green,-1,-5,-4,53,49,48
151,Red,0,-4,-4,53,49,49
152,Blue,-1,-4,-3,53,50,49
153,Red,0,-3,-3,53,50,50
154,Red,1,-2,-3,53,50,51
155,Blue,0,-2,-2,53,51,51
156,Red,1,-1,-2,53,51,52
157,Green,1,-2,-3,54,51,52
158,Green,1,-3,-4,55,51,52
159,Red,2,-2,-4,55,51,53
160,Green,2,-3,-5,56,51,53
161,Blue,1,-3,-4,56,52,53
162,Green,1,-4,-5,57,52,53
163,Red,2,-3,-5,57,52,54
164,Red,3,-2,-5,57,52,55
165,Green,3,-3,-6,58,52,55
166,Blue,2,-3,-5,58,53,55
167,Red,3,-2,-5,58,53,56
168,Blue,2,-2,-4,58,54,56
169,Blue,1,-2,-3,58,55,56
170,Red,2,-1,-3,58,55,57
171,Blue,1,-1,-2,58,56,57
172,Blue,0,-1,-1,58,57,57
173,Red,1,0,-1,58,57,58
174,Blue,0,0,0,58,58,58
175,Green,0,-1,-1,59,58,58
176,Blue,-1,-1,0,59,59,58
177,Red,0,0,0,59,59,59
178,Green,0,-1,-1,60,59,59
179,Red,1,0,-1,60,59,60
180,Red,2,1,-1,60,59,61
181,Green,2,0,-2,61,59,61
182,Red,3,1,-2,61,59,62
183,Red,4,2,-2,61,59,63
184,Red,5,3,-2,61,59,64
185,Green,5,2,-3,62,59,64
186,Blue,4,2,-2,62,60,64
187,Red,5,3,-2,62,60,65
188,Blue,4,3,-1,62,61,65
189,Red,5,4,-1,62,61,66
190,Blue,4,4,0,62,62,66
191,Blue,3,4,1,62,63,66
192,Green,3,3,0,63,63,66
193,Green,3,2,-1,64,63,66
194,Blue,2,2,0,64,64,66
195,Green,2,1,-1,65,64,66
196,Red,3,2,-1,65,64,67
197,Green,3,1,-2,66,64,67
198,Green,3,0,-3,67,64,67
199,Green,3,-1,-4,68,64,67
200,Red,4,0,-4,68,64,68
201,Blue,3,0,-3,68,65,68
202,Red,4,1,-3,68,65,69
203,Blue,3,1,-2,68,66,69
204,Green,3,0,-3,69,66,69
205,Green,3,-1,-4,70,66,69
206,Green,3,-2,-5,71,66,69
207,Green,3,-3,-6,72,66,69
208,Green,3,-4,-7,73,66,69
209,Green,3,-5,-8,74,66,69
210,Green,3,-6,-9,75,66,69
211,Blue,2,-6,-8,75,67,69
212,Green,2,-7,-9,76,67,69
213,Blue,1,-7,-8,76,68,69
214,Red,2,-6,-8,76,68,70
215,Blue,1,-6,-7,76,69,70
216,Red,2,-5,-7,76,69,71
217,Blue,1,-5,-6,76,70,71
218,Red,2,-4,-6,76,70,72
219,Red,3,-3,-6,76,70,73
220,Green,3,-4,-7,77,70,73
221,Blue,2,-4,-6,77,71,73
222,Red,3,-3,-6,77,71,74
223,Green,3,-4,-7,78,71,74
224,Blue,2,-4,-6,78,72,74
225,Green,2,-5,-7,79,72,74
226,Blue,1,-5,-6,79,73,74
227,Blue,0,-5,-5,79,74,74
228,Red,1,-4,-5,79,74,75
229,Blue,0,-4,-4,79,75,75
230,Blue,-1,-4,-3,79,76,75
231,Red,0,-3,-3,79,76,76
232,Red,1,-2,-3,79,76,77
233,Green,1,-3,-4,80,76,77
234,Red,2,-2,-4,80,76,78
235,Green,2,-3,-5,81,76,78
236,Red,3,-2,-5,81,76,79
237,Red,4,-1,-5,81,76,80
238,Red,5,0,-5,81,76,81
239,Green,5,-1,-6,82,76,81
240,Blue,4,-1,-5,82,77,81
241,Blue,3,-1,-4,82,78,81
242,Green,3,-2,-5,83,78,81
243,Green,3,-3,-6,84,78,81
244,Blue,2,-3,-5,84,79,81
245,Red,3,-2,-5,84,79,82
246,Green,3,-3,-6,85,79,82
247,Red,4,-2,-6,85,79,83
248,Green,4,-3,-7,86,79,83
249,Blue,3,-3,-6,86,80,83
250,Green,3,-4,-7,87,80,83
251,Green,3,-5,-8,88,80,83
252,Red,4,-4,-8,88,80,84
253,Green,4,-5,-9,89,80,84
254,Red,5,-4,-9,89,80,85
255,Green,5,-5,-10,90,80,85
256,Green,5,-6,-11,91,80,85
257,Blue,4,-6,-10,91,81,85
258,Red,5,-5,-10,91,81,86
259,Green,5,-6,-11,92,81,86
260,Blue,4,-6,-10,92,82,86
261,Blue,3,-6,-9,92,83,86
262,Green,3,-7,-10,93,83,86
263,Red,4,-6,-10,93,83,87
264,Green,4,-7,-11,94,83,87
265,Green,4,-8,-12,95,83,87
266,Green,4,-9,-13,96,83,87
267,Red,5,-8,-13,96,83,88
268,Blue,4,-8,-12,96,84,88
269,Red,5,-7,-12,96,84,89
270,Green,5,-8,-13,97,84,89
271,Blue,4,-8,-12,97,85,89
272,Red,5,-7,-12,97,85,90
273,Green,5,-8,-13,98,85,90
274,Blue,4,-8,-12,98,86,90
275,Green,4,-9,-13,99,86,90
276,Red,5,-8,-13,99,86,91
277,Green,5,-9,-14,100,86,91
278,Red,6,-8,-14,100,86,92
279,Green,6,-9,-15,101,86,92
280,Green,6,-10,-16,102,86,92
281,Red,7,-9,-16,102,86,93
282,Green,7,-10,-17,103,86,93
283,Blue,6,-10,-16,103,87,93
284,Red,7,-9,-16,103,87,94
285,Red,8,-8,-16,103,87,95
286,Blue,7,-8,-15,103,88,95
287,Blue,6,-8,-14,103,89,95
288,Green,6,-9,-15,104,89,95
289,Green,6,-10,-16,105,89,95
290,Green,6,-11,-17,106,89,95
291,Blue,5,-11,-16,106,90,95
292,Red,6,-10,-16,106,90,96
293,Blue,5,-10,-15,106,91,96
294,Blue,4,-10,-14,106,92,96
295,Red,5,-9,-14,106,92,97
296,Green,5,-10,-15,107,92,97
297,Red,6,-9,-15,107,92,98
298,Green,6,-10,-16,108,92,98
299,Blue,5,-10,-15,108,93,98
300,Red,6,-9,-15,108,93,99
301,Green,6,-10,-16,109,93,99
302,Blue,5,-10,-15,109,94,99
303,Red,6,-9,-15,109,94,100
304,Green,6,-10,-16,110,94,100
305,Blue,5,-10,-15,110,95,100
306,Red,6,-9,-15,110,95,101
307,Green,6,-10,-16,111,95,101
308,Green,6,-11,-17,112,95,101
309,Red,7,-10,-17,112,95,102
310,Blue,6,-10,-16,112,96,102
311,Blue,5,-10,-15,112,97,102
312,Red,6,-9,-15,112,97,103
313,Green,6,-10,-16,113,97,103
314,Green,6,-11,-17,114,97,103
315,Blue,5,-11,-16,114,98,103
316,Red,6,-10,-16,114,98,104
317,Blue,5,-10,-15,114,99,104
318,Red,6,-9,-15,114,99,105
319,Red,7,-8,-15,114,99,106
320,Blue,6,-8,-14,114,100,106
321,Green,6,-9,-15,115,100,106
322,Green,6,-10,-16,116,100,106
323,Green,6,-11,-17,117,100,106
324,Blue,5,-11,-16,117,101,106
325,Red,6,-10,-16,117,101,107
326,Red,7,-9,-16,117,101,108
327,Green,7,-10,-17,118,101,108
328,Red,8,-9,-17,118,101,109
329,Red,9,-8,-17,118,101,110
330,Blue,8,-8,-16,118,102,110
331,Red,9,-7,-16,118,102,111
332,Green,9,-8,-17,119,102,111
333,Red,10,-7,-17,119,102,112
334,Blue,9,-7,-16,119,103,112
335,Red,10,-6,-16,119,103,113
336,Green,10,-7,-17,120,103,113
337,Red,11,-6,-17,120,103,114
338,Red,12,-5,-17,120,103,115
339,Blue,11,-5,-16,120,104,115
340,Blue,10,-5,-15,120,105,115
341,Red,11,-4,-15,120,105,116
342,Green,11,-5,-16,121,105,116
343,Red,12,-4,-16,121,105,117
344,Green,12,-5,-17,122,105,117
345,Red,13,-4,-17,122,105,118
346,Red,14,-3,-17,122,105,119
347,Blue,13,-3,-16,122,106,119
348,Blue,12,-3,-15,122,107,119
349,Green,12,-4,-16,123,107,119
350,Green,12,-5,-17,124,107,119
351,Blue,11,-5,-16,124,108,119
352,Red,12,-4,-16,124,108,120
353,Red,13,-3,-16,124,108,121
354,Green,13,-4,-17,125,108,121
355,Green,13,-5,-18,126,108,121
356,Blue,12,-5,-17,126,109,121
357,Green,12,-6,-18,127,109,121
358,Red,13,-5,-18,127,109,122
359,Blue,12,-5,-17,127,110,122
360,Green,12,-6,-18,128,110,122
361,Green,12,-7,-19,129,110,122
362,Green,12,-8,-20,130,110,122
363,Red,13,-7,-20,130,110,123
364,Green,13,-8,-21,131,110,123
365,Red,14,-7,-21,131,110,124
366,Red,15,-6,-21,131,110,125
367,Green,15,-7,-22,132,110,125
368,Red,16,-6,-22,132,110,126
369,Blue,15,-6,-21,132,111,126
370,Green,15,-7,-22,133,111,126
371,Red,16,-6,-22,133,111,127
372,Red,17,-5,-22,133,111,128
373,Green,17,-6,-23,134,111,128
374,Red,18,-5,-23,134,111,129
375,Blue,17,-5,-22,134,112,129
376,Red,18,-4,-22,134,112,130
377,Red,19,-3,-22,134,112,131
378,Green,19,-4,-23,135,112,131
379,Blue,18,-4,-22,135,113,131
380,Red,19,-3,-22,135,113,132
381,Red,20,-2,-22,135,113,133
382,Green,20,-3,-23,136,113,133
383,Blue,19,-3,-22,136,114,133
384,Red,20,-2,-22,136,114,134
385,Red,21,-1,-22,136,114,135
386,Green,21,-2,-23,137,114,135
387,Blue,20,-2,-22,137,115,135
388,Blue,19,-2,-21,137,116,135
389,Red,20,-1,-21,137,116,136
390,Green,20,-2,-22,138,116,136
391,Red,21,-1,-22,138,116,137
392,Red,22,0,-22,138,116,138
393,Red,23,1,-22,138,116,139
394,Red,24,2,-22,138,116,140
395,Blue,23,2,-21,138,117,140
396,Red,24,3,-21,138,117,141
397,Blue,23,3,-20,138,118,141
398,Blue,22,3,-19,138,119,141
399,Red,23,4,-19,138,119,142
400,Red,24,5,-19,138,119,143
401,Red,25,6,-19,138,119,144
402,Green,25,5,-20,139,119,144
403,Blue,24,5,-19,139,120,144
404,Green,24,4,-20,140,120,144
405,Red,25,5,-20,140,120,145
406,Red,26,6,-20,140,120,146
407,Red,27,7,-20,140,120,147
408,Red,28,8,-20,140,120,148
409,Green,28,7,-21,141,120,148
410,Blue,27,7,-20,141,121,148
411,Red,28,8,-20,141,121,149
412,Green,28,7,-21,142,121,149
413,Blue,27,7,-20,142,122,149
414,Red,28,8,-20,142,122,150
415,Red,29,9,-20,142,122,151
416,Red,30,10,-20,142,122,152
417,Blue,29,10,-19,142,123,152
418,Red,30,11,-19,142,123,153
419,Blue,29,11,-18,142,124,153
420,Red,30,12,-18,142,124,154
421,Green,30,11,-19,143,124,154
422,Green,30,10,-20,144,124,154
423,Green,30,9,-21,145,124,154
424,Blue,29,9,-20,145,125,154
425,Red,30,10,-20,145,125,155
426,Blue,29,10,-19,145,126,155
427,Green,29,9,-20,146,126,155
428,Blue,28,9,-19,146,127,155
429,Blue,27,9,-18,146,128,155
430,Red,28,10,-18,146,128,156
431,Green,28,9,-19,147,128,156
432,Blue,27,9,-18,147,129,156
433,Blue,26,9,-17,147,130,156
434,Green,26,8,-18,148,130,156
435,Red,27,9,-18,148,130,157
436,Blue,26,9,-17,148,131,157
437,Green,26,8,-18,149,131,157
438,Green,26,7,-19,150,131,157
439,Blue,25,7,-18,150,132,157
440,Blue,24,7,-17,150,133,157
441,Red,25,8,-17,150,133,158
442,Red,26,9,-17,150,133,159
443,Blue,25,9,-16,150,134,159
444,Blue,24,9,-15,150,135,159
445,Red,25,10,-15,150,135,160
446,Green,25,9,-16,151,135,160
447,Green,25,8,-17,152,135,160
448,Red,26,9,-17,152,135,161
449,Green,26,8,-18,153,135,161
450,Blue,25,8,-17,153,136,161
451,Green,25,7,-18,154,136,161
452,Red,26,8,-18,154,136,162
453,Green,26,7,-19,155,136,162
454,Green,26,6,-20,156,136,162
455,Red,27,7,-20,156,136,163
456,Green,27,6,-21,157,136,163
457,Blue,26,6,-20,157,137,163
458,Red,27,7,-20,157,137,164
459,Blue,26,7,-19,157,138,164
460,Red,27,8,-19,157,138,165
461,Green,27,7,-20,158,138,165
462,Red,28,8,-20,158,138,166
463,Blue,27,8,-19,158,139,166
464,Green,27,7,-20,159,139,166
465,Red,28,8,-20,159,139,167
466,Blue,27,8,-19,159,140,167
467,Red,28,9,-19,159,140,168
468,Red,29,10,-19,159,140,169
469,Green,29,9,-20,160,140,169
470,Green,29,8,-21,161,140,169
471,Blue,28,8,-20,161,141,169
472,Red,29,9,-20,161,141,170
473,Green,29,8,-21,162,141,170
474,Green,29,7,-22,163,141,170
475,Blue,28,7,-21,163,142,170
476,Blue,27,7,-20,163,143,170
477,Red,28,8,-20,163,143,171
478,Red,29,9,-20,163,143,172
479,Red,30,10,-20,163,143,173
480,Green,30,9,-21,164,143,173
481,Green,30,8,-22,165,143,173
482,Green,30,7,-23,166,143,173
483,Green,30,6,-24,167,143,173
484,Red,31,7,-24,167,143,174
485,Blue,30,7,-23,167,144,174
486,Red,31,8,-23,167,144,175
487,Green,31,7,-24,168,144,175
488,Red,32,8,-24,168,144,176
489,Red,33,9,-24,168,144,177
490,Red,34,10,-24,168,144,178
491,Red,35,11,-24,168,144,179
492,Green,35,10,-25,169,144,179
493,Blue,34,10,-24,169,145,179
494,Green,34,9,-25,170,145,179
495,Red,35,10,-25,170,145,180
496,Blue,34,10,-24,170,146,180
497,Green,34,9,-25,171,146,180
498,Blue,33,9,-24,171,147,180
499,Green,33,8,-25,172,147,180
500,Green,33,7,-26,173,147,180
501,Blue,32,7,-25,173,148,180
502,Red,33,8,-25,173,148,181
503,Red,34,9,-25,173,148,182
504,Green,34,8,-26,174,148,182
505,Red,35,9,-26,174,148,183
506,Blue,34,9,-25,174,149,183
507,Green,34,8,-26,175,149,183
508,Green,34,7,-27,176,149,183
509,Green,34,6,-28,177,149,183
510,Red,35,7,-28,177,149,184
511,Red,36,8,-28,177,149,185
512,Green,36,7,-29,178,149,185
513,Red,37,8,-29,178,149,186
514,Green,37,7,-30,179,149,186
515,Blue,36,7,-29,179,150,186
516,Red,37,8,-29,179,150,187
517,Red,38,9,-29,179,150,188
518,Green,38,8,-30,180,150,188
519,Green,38,7,-31,181,150,188
520,Blue,37,7,-30,181,151,188
521,Green,37,6,-31,182,151,188
522,Green,37,5,-32,183,151,188
523,Green,37,4,-33,184,151,188
524,Blue,36,4,-32,184,152,188
525,Red,37,5,-32,184,152,189
526,Blue,36,5,-31,184,153,189
527,Red,37,6,-31,184,153,190
528,Blue,36,6,-30,184,154,190
529,Green,36,5,-31,185,154,190
530,Blue,35,5,-30,185,155,190
531,Blue,34,5,-29,185,156,190
532,Red,35,6,-29,185,156,191
533,Green,35,5,-30,186,156,191
534,Red,36,6,-30,186,156,192
535,Blue,35,6,-29,186,157,192
536,Blue,34,6,-28,186,158,192
537,Blue,33,6,-27,186,159,192
538,Red,34,7,-27,186,159,193
539,Blue,33,7,-26,186,160,193
540,Red,34,8,-26,186,160,194
541,Green,34,7,-27,187,160,194
542,Red,35,8,-27,187,160,195
543,Green,35,7,-28,188,160,195
544,Green,35,6,-29,189,160,195
545,Green,35,5,-30,190,160,195
546,Red,36,6,-30,190,160,196
547,Green,36,5,-31,191,160,196
548,Red,37,6,-31,191,160,197
549,Blue,36,6,-30,191,161,197
550,Green,36,5,-31,192,161,197
551,Red,37,6,-31,192,161,198
552,Red,38,7,-31,192,161,199
553,Red,39,8,-31,192,161,200
554,Blue,38,8,-30,192,162,200
555,Blue,37,8,-29,192,163,200
556,Blue,36,8,-28,192,164,200
557,Green,36,7,-29,193,164,200
558,Green,36,6,-30,194,164,200
559,Blue,35,6,-29,194,165,200
560,Red,36,7,-29,194,165,201
561,Red,37,8,-29,194,165,202
562,Red,38,9,-29,194,165,203
563,Red,39,10,-29,194,165,204
564,Green,39,9,-30,195,165,204
565,Red,40,10,-30,195,165,205
566,Green,40,9,-31,196,165,205
567,Red,41,10,-31,196,165,206
568,Green,41,9,-32,197,165,206
569,Red,42,10,-32,197,165,207
570,Blue,41,10,-31,197,166,207
571,Blue,40,10,-30,197,167,207
572,Blue,39,10,-29,197,168,207
573,Blue,38,10,-28,197,169,207
574,Blue,37,10,-27,197,170,207
575,Blue,36,10,-26,197,171,207
576,Green,36,9,-27,198,171,207
577,Red,37,10,-27,198,171,208
578,Red,38,11,-27,198,171,209
579,Blue,37,11,-26,198,172,209
580,Blue,36,11,-25,198,173,209
581,Green,36,10,-26,199,173,209
582,Blue,35,10,-25,199,174,209
583,Red,36,11,-25,199,174,210
584,Blue,35,11,-24,199,175,210
585,Green,35,10,-25,200,175,210
586,Blue,34,10,-24,200,176,210
587,Blue,33,10,-23,200,177,210
588,Blue,32,10,-22,200,178,210
589,Green,32,9,-23,201,178,210
590,Green,32,8,-24,202,178,210
591,Blue,31,8,-23,202,179,210
592,Green,31,7,-24,203,179,210
593,Blue,30,7,-23,203,180,210
594,Green,30,6,-24,204,180,210
595,Blue,29,6,-23,204,181,210
596,Blue,28,6,-22,204,182,210
597,Red,29,7,-22,204,182,211
598,Blue,28,7,-21,204,183,211
599,Green,28,6,-22,205,183,211
600,Blue,27,6,-21,205,184,211
601,Blue,26,6,-20,205,185,211
602,Red,27,7,-20,205,185,212
603,Green,27,6,-21,206,185,212
604,Green,27,5,-22,207,185,212
605,Red,28,6,-22,207,185,213
606,Green,28,5,-23,208,185,213
607,Blue,27,5,-22,208,186,213
608,Red,28,6,-22,208,186,214
609,Red,29,7,-22,208,186,215
610,Blue,28,7,-21,208,187,215
611,Red,29,8,-21,208,187,216
612,Green,29,7,-22,209,187,216
613,Green,29,6,-23,210,187,216
614,Blue,28,6,-22,210,188,216
615,Blue,27,6,-21,210,189,216
616,Blue,26,6,-20,210,190,216
617,Green,26,5,-21,211,190,216
618,Blue,25,5,-20,211,191,216
619,Blue,24,5,-19,211,192,216
620,Red,25,6,-19,211,192,217
621,Green,25,5,-20,212,192,217
622,Green,25,4,-21,213,192,217
623,Red,26,5,-21,213,192,218
624,Red,27,6,-21,213,192,219
625,Red,28,7,-21,213,192,220
626,Green,28,6,-22,214,192,220
627,Green,28,5,-23,215,192,220
628,Blue,27,5,-22,215,193,220
629,Green,27,4,-23,216,193,220
630,Blue,26,4,-22,216,194,220
631,Blue,25,4,-21,216,195,220
632,Green,25,3,-22,217,195,220
633,Red,26,4,-22,217,195,221
634,Red,27,5,-22,217,195,222
635,Green,27,4,-23,218,195,222
636,Red,28,5,-23,218,195,223
637,Blue,27,5,-22,218,196,223
638,Red,28,6,-22,218,196,224
639,Blue,27,6,-21,218,197,224
640,Red,28,7,-21,218,197,225
641,Blue,27,7,-20,218,198,225
642,Blue,26,7,-19,218,199,225
643,Green,26,6,-20,219,199,225
644,Green,26,5,-21,220,199,225
645,Red,27,6,-21,220,199,226
646,Green,27,5,-22,221,199,226
647,Red,28,6,-22,221,199,227
648,Red,29,7,-22,221,199,228
649,Red,30,8,-22,221,199,229
650,Green,30,7,-23,222,199,229
651,Red,31,8,-23,222,199,230
652,Red,32,9,-23,222,199,231
653,Blue,31,9,-22,222,200,231
654,Red,32,10,-22,222,200,232
655,Red,33,11,-22,222,200,233
656,Blue,32,11,-21,222,201,233
657,Blue,31,11,-20,222,202,233
658,Blue,30,11,-19,222,203,233
659,Red,31,12,-19,222,203,234
660,Red,32,13,-19,222,203,235
661,Blue,31,13,-18,222,204,235
662,Red,32,14,-18,222,204,236
663,Green,32,13,-19,223,204,236
664,Red,33,14,-19,223,204,237
665,Green,33,13,-20,224,204,237
666,Blue,32,13,-19,224,205,237
667,Green,32,12,-20,225,205,237
668,Blue,31,12,-19,225,206,237
669,Blue,30,12,-18,225,207,237
670,Green,30,11,-19,226,207,237
671,Blue,29,11,-18,226,208,237
672,Green,29,10,-19,227,208,237
673,Red,30,11,-19,227,208,238
674,Blue,29,11,-18,227,209,238
675,Green,29,10,-19,228,209,238
676,Blue,28,10,-18,228,210,238
677,Red,29,11,-18,228,210,239
678,Green,29,10,-19,229,210,239
679,Red,30,11,-19,229,210,240
680,Green,30,10,-20,230,210,240
681,Blue,29,10,-19,230,211,240
682,Blue,28,10,-18,230,212,240
683,Red,29,11,-18,230,212,241
684,Red,30,12,-18,230,212,242
685,Green,30,11,-19,231,212,242
686,Green,30,10,-20,232,212,242
687,Red,31,11,-20,232,212,243
688,Red,32,12,-20,232,212,244
689,Green,32,11,-21,233,212,244
690,Blue,31,11,-20,233,213,244
691,Green,31,10,-21,234,213,244
692,Red,32,11,-21,234,213,245
693,Red,33,12,-21,234,213,246
694,Red,34,13,-21,234,213,247
695,Blue,33,13,-20,234,214,247
696,Blue,32,13,-19,234,215,247
697,Red,33,14,-19,234,215,248
698,Green,33,13,-20,235,215,248
699,Blue,32,13,-19,235,216,248
700,Red,33,14,-19,235,216,249
701,Red,34,15,-19,235,216,250
702,Green,34,14,-20,236,216,250
703,Green,34,13,-21,237,216,250
704,Green,34,12,-22,238,216,250
705,Red,35,13,-22,238,216,251
706,Red,36,14,-22,238,216,252
707,Blue,35,14,-21,238,217,252
708,Blue,34,14,-20,238,218,252
709,Red,35,15,-20,238,218,253
710,Red,36,16,-20,238,218,254
711,Blue,35,16,-19,238,219,254
712,Blue,34,16,-18,238,220,254
713,Blue,33,16,-17,238,221,254
714,Blue,32,16,-16,238,222,254
715,Green,32,15,-17,239,222,254
716,Red,33,16,-17,239,222,255
717,Red,34,17,-17,239,222,256
718,Red,35,18,-17,239,222,257
719,Blue,34,18,-16,239,223,257
720,Red,35,19,-16,239,223,258
721,Red,36,20,-16,239,223,259
722,Blue,35,20,-15,239,224,259
723,Red,36,21,-15,239,224,260
724,Green,36,20,-16,240,224,260
725,Red,37,21,-16,240,224,261
726,Red,38,22,-16,240,224,262
727,Red,39,23,-16,240,224,263
728,Blue,38,23,-15,240,225,263
729,Blue,37,23,-14,240,226,263
730,Green,37,22,-15,241,226,263
731,Red,38,23,-15,241,226,264
732,Blue,37,23,-14,241,227,264
733,Blue,36,23,-13,241,228,264
734,Red,37,24,-13,241,228,265
735,Blue,36,24,-12,241,229,265
736,Blue,35,24,-11,241,230,265
737,Red,36,25,-11,241,230,266
738,Green,36,24,-12,242,230,266
739,Blue,35,24,-11,242,231,266
740,Green,35,23,-12,243,231,266
741,Red,36,24,-12,243,231,267
742,Blue,35,24,-11,243,232,267
743,Green,35,23,-12,244,232,267
744,Green,35,22,-13,245,232,267
745,Blue,34,22,-12,245,233,267
746,Blue,33,22,-11,245,234,267
747,Red,34,23,-11,245,234,268
748,Blue,33,23,-10,245,235,268
749,Red,34,24,-10,245,235,269
750,Blue,33,24,-9,245,236,269
751,Red,34,25,-9,245,236,270
752,Blue,33,25,-8,245,237,270
753,Red,34,26,-8,245,237,271
754,Blue,33,26,-7,245,238,271
755,Blue,32,26,-6,245,239,271
756,Green,32,25,-7,246,239,271
757,Blue,31,25,-6,246,240,271
758,Green,31,24,-7,247,240,271
759,Green,31,23,-8,248,240,271
760,Green,31,22,-9,249,240,271
761,Green,31,21,-10,250,240,271
762,Blue,30,21,-9,250,241,271
763,Red,31,22,-9,250,241,272
764,Green,31,21,-10,251,241,272
765,Green,31,20,-11,252,241,272
766,Green,31,19,-12,253,241,272
767,Blue,30,19,-11,253,242,272
768,Blue,29,19,-10,253,243,272
769,Red,30,20,-10,253,243,273
770,Green,30,19,-11,254,243,273
771,Green,30,18,-12,255,243,273
772,Blue,29,18,-11,255,244,273
773,Blue,28,18,-10,255,245,273
774,Blue,27,18,-9,255,246,273
775,Blue,26,18,-8,255,247,273
776,Red,27,19,-8,255,247,274
777,Red,28,20,-8,255,247,275
778,Red,29,21,-8,255,247,276
779,Green,29,20,-9,256,247,276
780,Blue,28,20,-8,256,248,276
781,Blue,27,20,-7,256,249,276
782,Green,27,19,-8,257,249,276
783,Blue,26,19,-7,257,250,276
784,Blue,25,19,-6,257,251,276
785,Green,25,18,-7,258,251,276
786,Green,25,17,-8,259,251,276
787,Red,26,18,-8,259,251,277
788,Red,27,19,-8,259,251,278
789,Blue,26,19,-7,259,252,278
790,Blue,25,19,-6,259,253,278
791,Red,26,20,-6,259,253,279
792,Red,27,21,-6,259,253,280
793,Red,28,22,-6,259,253,281
794,Red,29,23,-6,259,253,282
795,Red,30,24,-6,259,253,283
796,Blue,29,24,-5,259,254,283
797,Green,29,23,-6,260,254,283
798,Blue,28,23,-5,260,255,283
799,Green,28,22,-6,261,255,283
800,Blue,27,22,-5,261,256,283
801,Blue,26,22,-4,261,257,283
802,Red,27,23,-4,261,257,284
803,Green,27,22,-5,262,257,284
804,Red,28,23,-5,262,257,285
805,Blue,27,23,-4,262,258,285
806,Blue,26,23,-3,262,259,285
807,Red,27,24,-3,262,259,286
808,Red,28,25,-3,262,259,287
809,Green,28,24,-4,263,259,287
810,Green,28,23,-5,264,259,287
811,Red,29,24,-5,264,259,288
812,Red,30,25,-5,264,259,289
813,Blue,29,25,-4,264,260,289
814,Blue,28,25,-3,264,261,289
815,Red,29,26,-3,264,261,290
816,Green,29,25,-4,265,261,290
817,Green,29,24,-5,266,261,290
818,Green,29,23,-6,267,261,290
819,Blue,28,23,-5,267,262,290
820,Blue,27,23,-4,267,263,290
821,Blue,26,23,-3,267,264,290
822,Blue,25,23,-2,267,265,290
823,Blue,24,23,-1,267,266,290
824,Red,25,24,-1,267,266,291
825,Red,26,25,-1,267,266,292
826,Blue,25,25,0,267,267,292
827,Blue,24,25,1,267,268,292
828,Green,24,24,0,268,268,292
829,Green,24,23,-1,269,268,292
830,Blue,23,23,0,269,269,292
831,Green,23,22,-1,270,269,292
832,Red,24,23,-1,270,269,293
833,Green,24,22,-2,271,269,293
834,Red,25,23,-2,271,269,294
835,Blue,24,23,-1,271,270,294
836,Green,24,22,-2,272,270,294
837,Red,25,23,-2,272,270,295
838,Green,25,22,-3,273,270,295
839,Green,25,21,-4,274,270,295
840,Green,25,20,-5,275,270,295
841,Green,25,19,-6,276,270,295
842,Green,25,18,-7,277,270,295
843,Red,26,19,-7,277,270,296
844,Blue,25,19,-6,277,271,296
845,Green,25,18,-7,278,271,296
846,Red,26,19,-7,278,271,297
847,Red,27,20,-7,278,271,298
848,Green,27,19,-8,279,271,298
849,Green,27,18,-9,280,271,298
850,Blue,26,18,-8,280,272,298
851,Blue,25,18,-7,280,273,298
852,Red,26,19,-7,280,273,299
853,Blue,25,19,-6,280,274,299
854,Green,25,18,-7,281,274,299
855,Red,26,19,-7,281,274,300
856,Blue,25,19,-6,281,275,300
857,Red,26,20,-6,281,275,301
858,Blue,25,20,-5,281,276,301
859,Green,25,19,-6,282,276,301
860,Green,25,18,-7,283,276,301
861,Red,26,19,-7,283,276,302
862,Blue,25,19,-6,283,277,302
863,Green,25,18,-7,284,277,302
864,Red,26,19,-7,284,277,303
865,Blue,25,19,-6,284,278,303
866,Red,26,20,-6,284,278,304
867,Blue,25,20,-5,284,279,304
868,Blue,24,20,-4,284,280,304
869,Blue,23,20,-3,284,281,304
870,Green,23,19,-4,285,281,304
871,Blue,22,19,-3,285,282,304
872,Red,23,20,-3,285,282,305
873,Red,24,21,-3,285,282,306
874,Green,24,20,-4,286,282,306
875,Green,24,19,-5,287,282,306
876,Green,24,18,-6,288,282,306
877,Red,25,19,-6,288,282,307
878,Blue,24,19,-5,288,283,307
879,Blue,23,19,-4,288,284,307
880,Green,23,18,-5,289,284,307
881,Green,23,17,-6,290,284,307
882,Blue,22,17,-5,290,285,307
883,Green,22,16,-6,291,285,307
884,Blue,21,16,-5,291,286,307
885,Blue,20,16,-4,291,287,307
886,Green,20,15,-5,292,287,307
887,Green,20,14,-6,293,287,307
888,Red,21,15,-6,293,287,308
889,Red,22,16,-6,293,287,309
890,Green,22,15,-7,294,287,309
891,Blue,21,15,-6,294,288,309
892,Red,22,16,-6,294,288,310
893,Red,23,17,-6,294,288,311
894,Green,23,16,-7,295,288,311
895,Blue,22,16,-6,295,289,311
896,Blue,21,16,-5,295,290,311
897,Blue,20,16,-4,295,291,311
898,Blue,19,16,-3,295,292,311
899,Red,20,17,-3,295,292,312
900,Blue,19,17,-2,295,293,312
901,Blue,18,17,-1,295,294,312
902,Green,18,16,-2,296,294,312
903,Green,18,15,-3,297,294,312
904,Blue,17,15,-2,297,295,312
905,Blue,16,15,-1,297,296,312
906,Blue,15,15,0,297,297,312
907,Blue,14,15,1,297,298,312
908,Green,14,14,0,298,298,312
909,Green,14,13,-1,299,298,312
910,Blue,13,13,0,299,299,312
911,Green,13,12,-1,300,299,312
912,Green,13,11,-2,301,299,312
913,Red,14,12,-2,301,299,313
914,Blue,13,12,-1,301,300,313
915,Blue,12,12,0,301,301,313
916,Red,13,13,0,301,301,314
917,Blue,12,13,1,301,302,314
918,Blue,11,13,2,301,303,314
919,Blue,10,13,3,301,304,314
920,Red,11,14,3,301,304,315
921,Green,11,13,2,302,304,315
922,Blue,10,13,3,302,305,315
923,Red,11,14,3,302,305,316
924,Red,12,15,3,302,305,317
925,Blue,11,15,4,302,306,317
926,Green,11,14,3,303,306,317
927,Blue,10,14,4,303,307,317
928,Red,11,15,4,303,307,318
929,Blue,10,15,5,303,308,318
930,Blue,9,15,6,303,309,318
931,Green,9,14,5,304,309,318
932,Blue,8,14,6,304,310,318
933,Red,9,15,6,304,310,319
934,Blue,8,15,7,304,311,319
935,Red,9,16,7,304,311,320
936,Green,9,15,6,305,311,320
937,Green,9,14,5,306,311,320
938,Blue,8,14,6,306,312,320
939,Green,8,13,5,307,312,320
940,Red,9,14,5,307,312,321
941,Red,10,15,5,307,312,322
942,Red,11,16,5,307,312,323
943,Red,12,17,5,307,312,324
944,Green,12,16,4,308,312,324
945,Red,13,17,4,308,312,325
946,Blue,12,17,5,308,313,325
947,Red,13,18,5,308,313,326
948,Blue,12,18,6,308,314,326
949,Green,12,17,5,309,314,326
950,Red,13,18,5,309,314,327
951,Green,13,17,4,310,314,327
952,Red,14,18,4,310,314,328
953,Green,14,17,3,311,314,328
954,Blue,13,17,4,311,315,328
955,Green,13,16,3,312,315,328
956,Blue,12,16,4,312,316,328
957,Green,12,15,3,313,316,328
958,Red,13,16,3,313,316,329
959,Blue,12,16,4,313,317,329
960,Red,13,17,4,313,317,330
961,Green,13,16,3,314,317,330
962,Green,13,15,2,315,317,330
963,Red,14,16,2,315,317,331
964,Red,15,17,2,315,317,332
965,Green,15,16,1,316,317,332
966,Blue,14,16,2,316,318,332
967,Green,14,15,1,317,318,332
968,Red,15,16,1,317,318,333
969,Blue,14,16,2,317,319,333
970,Green,14,15,1,318,319,333
971,Blue,13,15,2,318,320,333
972,Green,13,14,1,319,320,333
973,Green,13,13,0,320,320,333
974,Blue,12,13,1,320,321,333
975,Green,12,12,0,321,321,333
976,Blue,11,12,1,321,322,333
977,Green,11,11,0,322,322,333
978,Red,12,12,0,322,322,334
979,Green,12,11,-1,323,322,334
980,Red,13,12,-1,323,322,335
981,Blue,12,12,0,323,323,335
982,Red,13,13,0,323,323,336
983,Blue,12,13,1,323,324,336
984,Green,12,12,0,324,324,336
985,Red,13,13,0,324,324,337
986,Green,13,12,-1,325,324,337
987,Red,14,13,-1,325,324,338
988,Red,15,14,-1,325,324,339
989,Red,16,15,-1,325,324,340
990,Blue,15,15,0,325,325,340
991,Green,15,14,-1,326,325,340
992,Blue,14,14,0,326,326,340
993,Green,14,13,-1,327,326,340
994,Blue,13,13,0,327,327,340
995,Green,13,12,-1,328,327,340
996,Red,14,13,-1,328,327,341
997,Green,14,12,-2,329,327,341
998,Blue,13,12,-1,329,328,341
999,Red,14,13,-1,329,328,342
1000,Green,14,12,-2,330,328,342
