index,color,Red-Blue,prefix_Red,prefix_Blue
1,Red,1,1,0
2,Blue,0,1,1
3,Red,1,2,1
4,Red,2,3,1
5,Red,3,4,1
6,Blue,2,4,2
7,Red,3,5,2
8,Blue,2,5,3
9,Blue,1,5,4
10,Blue,0,5,5
11,Blue,-1,5,6
12,Blue,-2,5,7
13,Red,-1,6,7
14,Red,0,7,7
15,Blue,-1,7,8
16,Blue,-2,7,9
17,Red,-1,8,9
18,Blue,-2,8,10
19,Red,-1,9,10
20,Red,0,10,10
21,Red,1,11,10
22,Blue,0,11,11
23,Blue,-1,11,12
24,Blue,-2,11,13
25,Red,-1,12,13
26,Blue,-2,12,14
27,Blue,-3,12,15
28,Red,-2,13,15
29,Blue,-3,13,16
30,Blue,-4,13,17
31,Blue,-5,13,18
32,Red,-4,14,18
33,Blue,-5,14,19
34,Red,-4,15,19
35,Red,-3,16,19
36,Blue,-4,16,20
37,Blue,-5,16,21
38,Blue,-6,16,22
39,Blue,-7,16,23
40,Red,-6,17,23
41,Red,-5,18,23
42,Blue,-6,18,24
43,Red,-5,19,24
44,Blue,-6,19,25
45,Blue,-7,19,26
46,Blue,-8,19,27
47,Red,-7,20,27
48,Red,-6,21,27
49,Red,-5,22,27
50,Blue,-6,22,28
51,Blue,-7,22,29
52,Blue,-8,22,30
53,Blue,-9,22,31
54,Blue,-10,22,32
55,Blue,-11,22,33
56,Red,-10,23,33
57,Blue,-11,23,34
58,Blue,-12,23,35
59,Red,-11,24,35
60,Red,-10,25,35
61,Blue,-11,25,36
62,Blue,-12,25,37
63,Red,-11,26,37
64,Red,-10,27,37
65,Blue,-11,27,38
66,Red,-10,28,38
67,Blue,-11,28,39
68,Blue,-12,28,40
69,Blue,-13,28,41
70,Red,-12,29,41
71,Red,-11,30,41
72,Blue,-12,30,42
73,Red,-11,31,42
74,Blue,-12,31,43
75,Red,-11,32,43
76,Blue,-12,32,44
77,Red,-11,33,44
78,Red,-10,34,44
79,Blue,-11,34,45
80,Red,-10,35,45
81,Red,-9,36,45
82,Red,-8,37,45
83,Blue,-9,37,46
84,Blue,-10,37,47
85,Blue,-11,37,48
86,Blue,-12,37,49
87,Blue,-13,37,50
88,Blue,-14,37,51
89,Red,-13,38,51
90,Red,-12,39,51
91,Blue,-13,39,52
92,Red,-12,40,52
93,Blue,-13,40,53
94,Blue,-14,40,54
95,Blue,-15,40,55
96,Red,-14,41,55
97,Red,-13,42,55
98,Blue,-14,42,56
99,Red,-13,43,56
100,Red,-12,44,56
101,Red,-11,45,56
102,Blue,-12,45,57
103,Red,-11,46,57
104,Blue,-12,46,58
105,Red,-11,47,58
106,Red,-10,48,58
107,Red,-9,49,58
108,Red,-8,50,58
109,Blue,-9,50,59
110,Red,-8,51,59
111,Red,-7,52,59
112,Blue,-8,52,60
113,Red,-7,53,60
114,Red,-6,54,60
115,Blue,-7,54,61
116,Red,-6,55,61
117,Red,-5,56,61
118,Blue,-6,56,62
119,Red,-5,57,62
120,Red,-4,58,62
121,Red,-3,59,62
122,Red,-2,60,62
123,Red,-1,61,62
124,Blue,-2,61,63
125,Blue,-3,61,64
126,Blue,-4,61,65
127,Red,-3,62,65
128,Blue,-4,62,66
129,Blue,-5,62,67
130,Blue,-6,62,68
131,Blue,-7,62,69
132,Blue,-8,62,70
133,Red,-7,63,70
134,Red,-6,64,70
135,Red,-5,65,70
136,Blue,-6,65,71
137,Red,-5,66,71
138,Blue,-6,66,72
139,Blue,-7,66,73
140,Red,-6,67,73
141,Blue,-7,67,74
142,Blue,-8,67,75
143,Blue,-9,67,76
144,Red,-8,68,76
145,Blue,-9,68,77
146,Red,-8,69,77
147,Blue,-9,69,78
148,Blue,-10,69,79
149,Blue,-11,69,80
150,Blue,-12,69,81
151,Red,-11,70,81
152,Red,-10,71,81
153,Blue,-11,71,82
154,Red,-10,72,82
155,Blue,-11,72,83
156,Blue,-12,72,84
157,Red,-11,73,84
158,Blue,-12,73,85
159,Blue,-13,73,86
160,Red,-12,74,86
161,Red,-11,75,86
162,Blue,-12,75,87
163,Blue,-13,75,88
164,Red,-12,76,88
165,Red,-11,77,88
166,Blue,-12,77,89
167,Blue,-13,77,90
168,Blue,-14,77,91
169,Red,-13,78,91
170,Red,-12,79,91
171,Blue,-13,79,92
172,Blue,-14,79,93
173,Red,-13,80,93
174,Blue,-14,80,94
175,Blue,-15,80,95
176,Red,-14,81,95
177,Red,-13,82,95
178,Blue,-14,82,96
179,Blue,-15,82,97
180,Red,-14,83,97
181,Blue,-15,83,98
182,Red,-14,84,98
183,Red,-13,85,98
184,Blue,-14,85,99
185,Blue,-15,85,100
186,Red,-14,86,100
187,Blue,-15,86,101
188,Blue,-16,86,102
189,Red,-15,87,102
190,Red,-14,88,102
191,Red,-13,89,102
192,Red,-12,90,102
193,Red,-11,91,102
194,Red,-10,92,102
195,Blue,-11,92,103
196,Blue,-12,92,104
197,Red,-11,93,104
198,Blue,-12,93,105
199,Red,-11,94,105
200,Blue,-12,94,106
201,Blue,-13,94,107
202,Red,-12,95,107
203,Blue,-13,95,108
204,Red,-12,96,108
205,Red,-11,97,108
206,Red,-10,98,108
207,Blue,-11,98,109
208,Blue,-12,98,110
209,Red,-11,99,110
210,Red,-10,100,110
211,Red,-9,101,110
212,Blue,-10,101,111
213,Blue,-11,101,112
214,Red,-10,102,112
215,Blue,-11,102,113
216,Red,-10,103,113
217,Blue,-11,103,114
218,Blue,-12,103,115
219,Red,-11,104,115
220,Blue,-12,104,116
221,Blue,-13,104,117
222,Red,-12,105,117
223,Blue,-13,105,118
224,Red,-12,106,118
225,Blue,-13,106,119
226,Blue,-14,106,120
227,Red,-13,107,120
228,Blue,-14,107,121
229,Red,-13,108,121
230,Red,-12,109,121
231,Blue,-13,109,122
232,Blue,-14,109,123
233,Blue,-15,109,124
234,Red,-14,110,124
235,Red,-13,111,124
236,Red,-12,112,124
237,Blue,-13,112,125
238,Red,-12,113,125
239,Blue,-13,113,126
240,Blue,-14,113,127
241,Blue,-15,113,128
242,Blue,-16,113,129
243,Red,-15,114,129
244,Red,-14,115,129
245,Red,-13,116,129
246,Blue,-14,116,130
247,Red,-13,117,130
248,Blue,-14,117,131
249,Blue,-15,117,132
250,Red,-14,118,132
251,Red,-13,119,132
252,Blue,-14,119,133
253,Red,-13,120,133
254,Red,-12,121,133
255,Red,-11,122,133
256,Red,-10,123,133
257,Red,-9,124,133
258,Red,-8,125,133
259,Blue,-9,125,134
260,Red,-8,126,134
261,Blue,-9,126,135
262,Red,-8,127,135
263,Blue,-9,127,136
264,Blue,-10,127,137
265,Blue,-11,127,138
266,Blue,-12,127,139
267,Red,-11,128,139
268,Red,-10,129,139
269,Red,-9,130,139
270,Blue,-10,130,140
271,Red,-9,131,140
272,Red,-8,132,140
273,Blue,-9,132,141
274,Red,-8,133,141
275,Blue,-9,133,142
276,Red,-8,134,142
277,Blue,-9,134,143
278,Red,-8,135,143
279,Blue,-9,135,144
280,Red,-8,136,144
281,Red,-7,137,144
282,Blue,-8,137,145
283,Blue,-9,137,146
284,Blue,-10,137,147
285,Red,-9,138,147
286,Blue,-10,138,148
287,Blue,-11,138,149
288,Red,-10,139,149
289,Red,-9,140,149
290,Blue,-10,140,150
291,Red,-9,141,150
292,Red,-8,142,150
293,Blue,-9,142,151
294,Blue,-10,142,152
295,Blue,-11,142,153
296,Red,-10,143,153
297,Blue,-11,143,154
298,Blue,-12,143,155
299,Blue,-13,143,156
300,Red,-12,144,156
301,Blue,-13,144,157
302,Blue,-14,144,158
303,Blue,-15,144,159
304,Red,-14,145,159
305,Red,-13,146,159
306,Red,-12,147,159
307,Red,-11,148,159
308,Red,-10,149,159
309,Blue,-11,149,160
310,Blue,-12,149,161
311,Red,-11,150,161
312,Red,-10,151,161
313,Red,-9,152,161
314,Blue,-10,152,162
315,Blue,-11,152,163
316,Blue,-12,152,164
317,Red,-11,153,164
318,Red,-10,154,164
319,Blue,-11,154,165
320,Red,-10,155,165
321,Blue,-11,155,166
322,Blue,-12,155,167
323,Blue,-13,155,168
324,Blue,-14,155,169
325,Red,-13,156,169
326,Blue,-14,156,170
327,Red,-13,157,170
328,Red,-12,158,170
329,Blue,-13,158,171
330,Red,-12,159,171
331,Blue,-13,159,172
332,Blue,-14,159,173
333,Blue,-15,159,174
334,Red,-14,160,174
335,Red,-13,161,174
336,Blue,-14,161,175
337,Red,-13,162,175
338,Blue,-14,162,176
339,Blue,-15,162,177
340,Blue,-16,162,178
341,Red,-15,163,178
342,Red,-14,164,178
343,Blue,-15,164,179
344,Blue,-16,164,180
345,Blue,-17,164,181
346,Blue,-18,164,182
347,Red,-17,165,182
348,Red,-16,166,182
349,Blue,-17,166,183
350,Blue,-18,166,184
351,Blue,-19,166,185
352,Blue,-20,166,186
353,Red,-19,167,186
354,Red,-18,168,186
355,Red,-17,169,186
356,Red,-16,170,186
357,Blue,-17,170,187
358,Red,-16,171,187
359,Red,-15,172,187
360,Blue,-16,172,188
361,Blue,-17,172,189
362,Red,-16,173,189
363,Red,-15,174,189
364,Blue,-16,174,190
365,Blue,-17,174,191
366,Blue,-18,174,192
367,Red,-17,175,192
368,Red,-16,176,192
369,Red,-15,177,192
370,Blue,-16,177,193
371,Blue,-17,177,194
372,Red,-16,178,194
373,Red,-15,179,194
374,Blue,-16,179,195
375,Blue,-17,179,196
376,Red,-16,180,196
377,Red,-15,181,196
378,Blue,-16,181,197
379,Blue,-17,181,198
380,Red,-16,182,198
381,Red,-15,183,198
382,Red,-14,184,198
383,Red,-13,185,198
384,Blue,-14,185,199
385,Red,-13,186,199
386,Blue,-14,186,200
387,Blue,-15,186,201
388,Red,-14,187,201
389,Blue,-15,187,202
390,Red,-14,188,202
391,Blue,-15,188,203
392,Red,-14,189,203
393,Red,-13,190,203
394,Blue,-14,190,204
395,Red,-13,191,204
396,Blue,-14,191,205
397,Red,-13,192,205
398,Blue,-14,192,206
399,Blue,-15,192,207
400,Blue,-16,192,208
401,Blue,-17,192,209
402,Blue,-18,192,210
403,Red,-17,193,210
404,Red,-16,194,210
405,Blue,-17,194,211
406,Red,-16,195,211
407,Blue,-17,195,212
408,Blue,-18,195,213
409,Blue,-19,195,214
410,Red,-18,196,214
411,Blue,-19,196,215
412,Blue,-20,196,216
413,Red,-19,197,216
414,Blue,-20,197,217
415,Red,-19,198,217
416,Red,-18,199,217
417,Blue,-19,199,218
418,Red,-18,200,218
419,Red,-17,201,218
420,Red,-16,202,218
421,Blue,-17,202,219
422,Blue,-18,202,220
423,Red,-17,203,220
424,Red,-16,204,220
425,Red,-15,205,220
426,Blue,-16,205,221
427,Blue,-17,205,222
428,Blue,-18,205,223
429,Blue,-19,205,224
430,Red,-18,206,224
431,Blue,-19,206,225
432,Red,-18,207,225
433,Blue,-19,207,226
434,Red,-18,208,226
435,Blue,-19,208,227
436,Red,-18,209,227
437,Red,-17,210,227
438,Red,-16,211,227
439,Blue,-17,211,228
440,Red,-16,212,228
441,Red,-15,213,228
442,Red,-14,214,228
443,Blue,-15,214,229
444,Red,-14,215,229
445,Blue,-15,215,230
446,Blue,-16,215,231
447,Red,-15,216,231
448,Blue,-16,216,232
449,Red,-15,217,232
450,Blue,-16,217,233
451,Blue,-17,217,234
452,Blue,-18,217,235
453,Red,-17,218,235
454,Blue,-18,218,236
455,Red,-17,219,236
456,Blue,-18,219,237
457,Blue,-19,219,238
458,Red,-18,220,238
459,Blue,-19,220,239
460,Blue,-20,220,240
461,Red,-19,221,240
462,Blue,-20,221,241
463,Blue,-21,221,242
464,Red,-20,222,242
465,Blue,-21,222,243
466,Blue,-22,222,244
467,Red,-21,223,244
468,Blue,-22,223,245
469,Blue,-23,223,246
470,Red,-22,224,246
471,Red,-21,225,246
472,Red,-20,226,246
473,Red,-19,227,246
474,Blue,-20,227,247
475,Blue,-21,227,248
476,Blue,-22,227,249
477,Red,-21,228,249
478,Red,-20,229,249
479,Red,-19,230,249
480,Blue,-20,230,250
481,Red,-19,231,250
482,Blue,-20,231,251
483,Red,-19,232,251
484,Red,-18,233,251
485,Red,-17,234,251
486,Red,-16,235,251
487,Red,-15,236,251
488,Red,-14,237,251
489,Blue,-15,237,252
490,Red,-14,238,252
491,Red,-13,239,252
492,Blue,-14,239,253
493,Blue,-15,239,254
494,Red,-14,240,254
495,Red,-13,241,254
496,Blue,-14,241,255
497,Red,-13,242,255
498,Red,-12,243,255
499,Blue,-13,243,256
500,Blue,-14,243,257
501,Blue,-15,243,258
502,Blue,-16,243,259
503,Blue,-17,243,260
504,Blue,-18,243,261
505,Blue,-19,243,262
506,Blue,-20,243,263
507,Blue,-21,243,264
508,Red,-20,244,264
509,Red,-19,245,264
510,Red,-18,246,264
511,Red,-17,247,264
512,Red,-16,248,264
513,Blue,-17,248,265
514,Blue,-18,248,266
515,Red,-17,249,266
516,Red,-16,250,266
517,Blue,-17,250,267
518,Red,-16,251,267
519,Red,-15,252,267
520,Red,-14,253,267
521,Blue,-15,253,268
522,Red,-14,254,268
523,Blue,-15,254,269
524,Blue,-16,254,270
525,Blue,-17,254,271
526,Red,-16,255,271
527,Red,-15,256,271
528,Blue,-16,256,272
529,Blue,-17,256,273
530,Blue,-18,256,274
531,Blue,-19,256,275
532,Red,-18,257,275
533,Blue,-19,257,276
534,Red,-18,258,276
535,Blue,-19,258,277
536,Red,-18,259,277
537,Red,-17,260,277
538,Blue,-18,260,278
539,Red,-17,261,278
540,Blue,-18,261,279
541,Red,-17,262,279
542,Red,-16,263,279
543,Red,-15,264,279
544,Blue,-16,264,280
545,Blue,-17,264,281
546,Blue,-18,264,282
547,Blue,-19,264,283
548,Blue,-20,264,284
549,Blue,-21,264,285
550,Red,-20,265,285
551,Red,-19,266,285
552,Red,-18,267,285
553,Blue,-19,267,286
554,Red,-18,268,286
555,Red,-17,269,286
556,Blue,-18,269,287
557,Blue,-19,269,288
558,Blue,-20,269,289
559,Blue,-21,269,290
560,Red,-20,270,290
561,Red,-19,271,290
562,Blue,-20,271,291
563,Red,-19,272,291
564,Red,-18,273,291
565,Blue,-19,273,292
566,Blue,-20,273,293
567,Blue,-21,273,294
568,Blue,-22,273,295
569,Red,-21,274,295
570,Red,-20,275,295
571,Red,-19,276,295
572,Red,-18,277,295
573,Red,-17,278,295
574,Red,-16,279,295
575,Red,-15,280,295
576,Blue,-16,280,296
577,Red,-15,281,296
578,Red,-14,282,296
579,Blue,-15,282,297
580,Red,-14,283,297
581,Blue,-15,283,298
582,Red,-14,284,298
583,Blue,-15,284,299
584,Blue,-16,284,300
585,Blue,-17,284,301
586,Red,-16,285,301
587,Blue,-17,285,302
588,Red,-16,286,302
589,Blue,-17,286,303
590,Red,-16,287,303
591,Red,-15,288,303
592,Blue,-16,288,304
593,Blue,-17,288,305
594,Red,-16,289,305
595,Red,-15,290,305
596,Blue,-16,290,306
597,Blue,-17,290,307
598,Red,-16,291,307
599,Red,-15,292,307
600,Red,-14,293,307
601,Red,-13,294,307
602,Red,-12,295,307
603,Red,-11,296,307
604,Red,-10,297,307
605,Blue,-11,297,308
606,Blue,-12,297,309
607,Blue,-13,297,310
608,Blue,-14,297,311
609,Blue,-15,297,312
610,Blue,-16,297,313
611,Blue,-17,297,314
612,Red,-16,298,314
613,Red,-15,299,314
614,Red,-14,300,314
615,Blue,-15,300,315
616,Blue,-16,300,316
617,Red,-15,301,316
618,Red,-14,302,316
619,Red,-13,303,316
620,Red,-12,304,316
621,Red,-11,305,316
622,Blue,-12,305,317
623,Blue,-13,305,318
624,Red,-12,306,318
625,Blue,-13,306,319
626,Red,-12,307,319
627,Red,-11,308,319
628,Red,-10,309,319
629,Red,-9,310,319
630,Blue,-10,310,320
631,Red,-9,311,320
632,Blue,-10,311,321
633,Red,-9,312,321
634,Blue,-10,312,322
635,Blue,-11,312,323
636,Blue,-12,312,324
637,Blue,-13,312,325
638,Blue,-14,312,326
639,Blue,-15,312,327
640,Red,-14,313,327
641,Red,-13,314,327
642,Blue,-14,314,328
643,Blue,-15,314,329
644,Blue,-16,314,330
645,Red,-15,315,330
646,Blue,-16,315,331
647,Blue,-17,315,332
648,Red,-16,316,332
649,Blue,-17,316,333
650,Red,-16,317,333
651,Blue,-17,317,334
652,Blue,-18,317,335
653,Red,-17,318,335
654,Blue,-18,318,336
655,Red,-17,319,336
656,Blue,-18,319,337
657,Blue,-19,319,338
658,Red,-18,320,338
659,Red,-17,321,338
660,Blue,-18,321,339
661,Red,-17,322,339
662,Red,-16,323,339
663,Blue,-17,323,340
664,Red,-16,324,340
665,Red,-15,325,340
666,Red,-14,326,340
667,Blue,-15,326,341
668,Red,-14,327,341
669,Blue,-15,327,342
670,Red,-14,328,342
671,Red,-13,329,342
672,Blue,-14,329,343
673,Red,-13,330,343
674,Red,-12,331,343
675,Blue,-13,331,344
676,Blue,-14,331,345
677,Red,-13,332,345
678,Red,-12,333,345
679,Blue,-13,333,346
680,Blue,-14,333,347
681,Red,-13,334,347
682,Blue,-14,334,348
683,Blue,-15,334,349
684,Blue,-16,334,350
685,Blue,-17,334,351
686,Blue,-18,334,352
687,Blue,-19,334,353
688,Blue,-20,334,354
689,Blue,-21,334,355
690,Blue,-22,334,356
691,Blue,-23,334,357
692,Blue,-24,334,358
693,Red,-23,335,358
694,Blue,-24,335,359
695,Red,-23,336,359
696,Blue,-24,336,360
697,Blue,-25,336,361
698,Red,-24,337,361
699,Red,-23,338,361
700,Red,-22,339,361
701,Blue,-23,339,362
702,Blue,-24,339,363
703,Blue,-25,339,364
704,Blue,-26,339,365
705,Red,-25,340,365
706,Red,-24,341,365
707,Red,-23,342,365
708,Red,-22,343,365
709,Blue,-23,343,366
710,Blue,-24,343,367
711,Red,-23,344,367
712,Blue,-24,344,368
713,Blue,-25,344,369
714,Blue,-26,344,370
715,Blue,-27,344,371
716,Blue,-28,344,372
717,Red,-27,345,372
718,Red,-26,346,372
719,Red,-25,347,372
720,Red,-24,348,372
721,Red,-23,349,372
722,Red,-22,350,372
723,Blue,-23,350,373
724,Blue,-24,350,374
725,Blue,-25,350,375
726,Red,-24,351,375
727,Red,-23,352,375
728,Blue,-24,352,376
729,Blue,-25,352,377
730,Red,-24,353,377
731,Red,-23,354,377
732,Red,-22,355,377
733,Red,-21,356,377
734,Red,-20,357,377
735,Blue,-21,357,378
736,Blue,-22,357,379
737,Red,-21,358,379
738,Blue,-22,358,380
739,Red,-21,359,380
740,Red,-20,360,380
741,Blue,-21,360,381
742,Blue,-22,360,382
743,Blue,-23,360,383
744,Red,-22,361,383
745,Red,-21,362,383
746,Blue,-22,362,384
747,Red,-21,363,384
748,Red,-20,364,384
749,Blue,-21,364,385
750,Red,-20,365,385
751,Red,-19,366,385
752,Red,-18,367,385
753,Blue,-19,367,386
754,Red,-18,368,386
755,Blue,-19,368,387
756,Blue,-20,368,388
757,Blue,-21,368,389
758,Blue,-22,368,390
759,Red,-21,369,390
760,Red,-20,370,390
761,Blue,-21,370,391
762,Red,-20,371,391
763,Red,-19,372,391
764,Red,-18,373,391
765,Blue,-19,373,392
766,Blue,-20,373,393
767,Blue,-21,373,394
768,Red,-20,374,394
769,Blue,-21,374,395
770,Red,-20,375,395
771,Red,-19,376,395
772,Red,-18,377,395
773,Red,-17,378,395
774,Red,-16,379,395
775,Red,-15,380,395
776,Blue,-16,380,396
777,Red,-15,381,396
778,Blue,-16,381,397
779,Red,-15,382,397
780,Red,-14,383,397
781,Red,-13,384,397
782,Blue,-14,384,398
783,Blue,-15,384,399
784,Red,-14,385,399
785,Red,-13,386,399
786,Blue,-14,386,400
787,Blue,-15,386,401
788,Blue,-16,386,402
789,Red,-15,387,402
790,Red,-14,388,402
791,Red,-13,389,402
792,Red,-12,390,402
793,Red,-11,391,402
794,Red,-10,392,402
795,Red,-9,393,402
796,Blue,-10,393,403
797,Blue,-11,393,404
798,Blue,-12,393,405
799,Red,-11,394,405
800,Blue,-12,394,406
801,Blue,-13,394,407
802,Blue,-14,394,408
803,Red,-13,395,408
804,Red,-12,396,408
805,Red,-11,397,408
806,Blue,-12,397,409
807,Red,-11,398,409
808,Red,-10,399,409
809,Red,-9,400,409
810,Blue,-10,400,410
811,Blue,-11,400,411
812,Red,-10,401,411
813,Red,-9,402,411
814,Blue,-10,402,412
815,Blue,-11,402,413
816,Red,-10,403,413
817,Blue,-11,403,414
818,Red,-10,404,414
819,Red,-9,405,414
820,Blue,-10,405,415
821,Blue,-11,405,416
822,Red,-10,406,416
823,Blue,-11,406,417
824,Red,-10,407,417
825,Blue,-11,407,418
826,Blue,-12,407,419
827,Blue,-13,407,420
828,Red,-12,408,420
829,Blue,-13,408,421
830,Blue,-14,408,422
831,Blue,-15,408,423
832,Red,-14,409,423
833,Blue,-15,409,424
834,Blue,-16,409,425
835,Blue,-17,409,426
836,Red,-16,410,426
837,Red,-15,411,426
838,Red,-14,412,426
839,Blue,-15,412,427
840,Blue,-16,412,428
841,Blue,-17,412,429
842,Blue,-18,412,430
843,Blue,-19,412,431
844,Blue,-20,412,432
845,Red,-19,413,432
846,Blue,-20,413,433
847,Blue,-21,413,434
848,Blue,-22,413,435
849,Blue,-23,413,436
850,Red,-22,414,436
851,Blue,-23,414,437
852,Blue,-24,414,438
853,Blue,-25,414,439
854,Blue,-26,414,440
855,Red,-25,415,440
856,Red,-24,416,440
857,Blue,-25,416,441
858,Blue,-26,416,442
859,Blue,-27,416,443
860,Blue,-28,416,444
861,Blue,-29,416,445
862,Blue,-30,416,446
863,Red,-29,417,446
864,Blue,-30,417,447
865,Red,-29,418,447
866,Red,-28,419,447
867,Blue,-29,419,448
868,Red,-28,420,448
869,Red,-27,421,448
870,Red,-26,422,448
871,Red,-25,423,448
872,Blue,-26,423,449
873,Blue,-27,423,450
874,Blue,-28,423,451
875,Blue,-29,423,452
876,Red,-28,424,452
877,Blue,-29,424,453
878,Red,-28,425,453
879,Red,-27,426,453
880,Blue,-28,426,454
881,Red,-27,427,454
882,Red,-26,428,454
883,Blue,-27,428,455
884,Blue,-28,428,456
885,Red,-27,429,456
886,Blue,-28,429,457
887,Blue,-29,429,458
888,Red,-28,430,458
889,Red,-27,431,458
890,Red,-26,432,458
891,Blue,-27,432,459
892,Red,-26,433,459
893,Red,-25,434,459
894,Red,-24,435,459
895,Red,-23,436,459
896,Red,-22,437,459
897,Red,-21,438,459
898,Blue,-22,438,460
899,Blue,-23,438,461
900,Red,-22,439,461
901,Blue,-23,439,462
902,Blue,-24,439,463
903,Red,-23,440,463
904,Red,-22,441,463
905,Blue,-23,441,464
906,Blue,-24,441,465
907,Blue,-25,441,466
908,Red,-24,442,466
909,Red,-23,443,466
910,Blue,-24,443,467
911,Blue,-25,443,468
912,Red,-24,444,468
913,Red,-23,445,468
914,Red,-22,446,468
915,Blue,-23,446,469
916,Blue,-24,446,470
917,Red,-23,447,470
918,Blue,-24,447,471
919,Red,-23,448,471
920,Blue,-24,448,472
921,Red,-23,449,472
922,Blue,-24,449,473
923,Blue,-25,449,474
924,Red,-24,450,474
925,Red,-23,451,474
926,Blue,-24,451,475
927,Blue,-25,451,476
928,Red,-24,452,476
929,Blue,-25,452,477
930,Red,-24,453,477
931,Red,-23,454,477
932,Blue,-24,454,478
933,Red,-23,455,478
934,Blue,-24,455,479
935,Blue,-25,455,480
936,Red,-24,456,480
937,Blue,-25,456,481
938,Red,-24,457,481
939,Blue,-25,457,482
940,Blue,-26,457,483
941,Blue,-27,457,484
942,Red,-26,458,484
943,Red,-25,459,484
944,Blue,-26,459,485
945,Blue,-27,459,486
946,Blue,-28,459,487
947,Red,-27,460,487
948,Blue,-28,460,488
949,Red,-27,461,488
950,Blue,-28,461,489
951,Blue,-29,461,490
952,Blue,-30,461,491
953,Blue,-31,461,492
954,Red,-30,462,492
955,Red,-29,463,492
956,Red,-28,464,492
957,Red,-27,465,492
958,Red,-26,466,492
959,Red,-25,467,492
960,Blue,-26,467,493
961,Red,-25,468,493
962,Red,-24,469,493
963,Blue,-25,469,494
964,Red,-24,470,494
965,Red,-23,471,494
966,Blue,-24,471,495
967,Blue,-25,471,496
968,Blue,-26,471,497
969,Red,-25,472,497
970,Red,-24,473,497
971,Red,-23,474,497
972,Red,-22,475,497
973,Red,-21,476,497
974,Blue,-22,476,498
975,Blue,-23,476,499
976,Red,-22,477,499
977,Red,-21,478,499
978,Blue,-22,478,500
979,Red,-21,479,500
980,Red,-20,480,500
981,Red,-19,481,500
982,Blue,-20,481,501
983,Red,-19,482,501
984,Blue,-20,482,502
985,Red,-19,483,502
986,Blue,-20,483,503
987,Blue,-21,483,504
988,Blue,-22,483,505
989,Blue,-23,483,506
990,Red,-22,484,506
991,Blue,-23,484,507
992,Red,-22,485,507
993,Red,-21,486,507
994,Red,-20,487,507
995,Blue,-21,487,508
996,Red,-20,488,508
997,Red,-19,489,508
998,Blue,-20,489,509
999,Blue,-21,489,510
1000,Blue,-22,489,511
