index,color,Red-Blue,Red-Green,Red-Yellow,Blue-Green,Blue-Yellow,Green-Yellow,prefix_Yellow,prefix_Blue,prefix_Green,prefix_Red
1,Yellow,0,0,-1,0,-1,-1,1,0,0,0
2,Yellow,0,0,-2,0,-2,-2,2,0,0,0
3,Blue,-1,0,-2,1,-1,-2,2,1,0,0
4,Green,-1,-1,-2,0,-1,-1,2,1,1,0
5,Green,-1,-2,-2,-1,-1,0,2,1,2,0
6,Blue,-2,-2,-2,0,0,0,2,2,2,0
7,Red,-1,-1,-1,0,0,0,2,2,2,1
8,Red,0,0,0,0,0,0,2,2,2,2
9,Red,1,1,1,0,0,0,2,2,2,3
10,Yellow,1,1,0,0,-1,-1,3,2,2,3
11,Red,2,2,1,0,-1,-1,3,2,2,4
12,Red,3,3,2,0,-1,-1,3,2,2,5
13,Red,4,4,3,0,-1,-1,3,2,2,6
14,Blue,3,4,3,1,0,-1,3,3,2,6
15,Red,4,5,4,1,0,-1,3,3,2,7
16,Blue,3,5,4,2,1,-1,3,4,2,7
17,Blue,2,5,4,3,2,-1,3,5,2,7
18,Blue,1,5,4,4,3,-1,3,6,2,7
19,Red,2,6,5,4,3,-1,3,6,2,8
20,Yellow,2,6,4,4,2,-2,4,6,2,8
21,Blue,1,6,4,5,3,-2,4,7,2,8
22,Red,2,7,5,5,3,-2,4,7,2,9
23,Yellow,2,7,4,5,2,-3,5,7,2,9
24,Blue,1,7,4,6,3,-3,5,8,2,9
25,Red,2,8,5,6,3,-3,5,8,2,10
26,Red,3,9,6,6,3,-3,5,8,2,11
27,Green,3,8,6,5,3,-2,5,8,3,11
28,Red,4,9,7,5,3,-2,5,8,3,12
29,Yellow,4,9,6,5,2,-3,6,8,3,12
30,Green,4,8,6,4,2,-2,6,8,4,12
31,Blue,3,8,6,5,3,-2,6,9,4,12
32,Yellow,3,8,5,5,2,-3,7,9,4,12
33,Red,4,9,6,5,2,-3,7,9,4,13
34,Green,4,8,6,4,2,-2,7,9,5,13
35,Yellow,4,8,5,4,1,-3,8,9,5,13
36,Blue,3,8,5,5,2,-3,8,10,5,13
37,Green,3,7,5,4,2,-2,8,10,6,13
38,Green,3,6,5,3,2,-1,8,10,7,13
39,Red,4,7,6,3,2,-1,8,10,7,14
40,Green,4,6,6,2,2,0,8,10,8,14
41,Yellow,4,6,5,2,1,-1,9,10,8,14
42,Blue,3,6,5,3,2,-1,9,11,8,14
43,Red,4,7,6,3,2,-1,9,11,8,15
44,Red,5,8,7,3,2,-1,9,11,8,16
45,Blue,4,8,7,4,3,-1,9,12,8,16
46,Yellow,4,8,6,4,2,-2,10,12,8,16
47,Yellow,4,8,5,4,1,-3,11,12,8,16
48,Yellow,4,8,4,4,0,-4,12,12,8,16
49,Blue,3,8,4,5,1,-4,12,13,8,16
50,Blue,2,8,4,6,2,-4,12,14,8,16
51,Green,2,7,4,5,2,-3,12,14,9,16
52,Yellow,2,7,3,5,1,-4,13,14,9,16
53,Blue,1,7,3,6,2,-4,13,15,9,16
54,Green,1,6,3,5,2,-3,13,15,10,16
55,Green,1,5,3,4,2,-2,13,15,11,16
56,Red,2,6,4,4,2,-2,13,15,11,17
57,Blue,1,6,4,5,3,-2,13,16,11,17
58,Yellow,1,6,3,5,2,-3,14,16,11,17
59,Green,1,5,3,4,2,-2,14,16,12,17
60,Yellow,1,5,2,4,1,-3,15,16,12,17
61,Green,1,4,2,3,1,-2,15,16,13,17
62,Green,1,3,2,2,1,-1,15,16,14,17
63,Blue,0,3,2,3,2,-1,15,17,14,17
64,Blue,-1,3,2,4,3,-1,15,18,14,17
65,Green,-1,2,2,3,3,0,15,18,15,17
66,Green,-1,1,2,2,3,1,15,18,16,17
67,Green,-1,0,2,1,3,2,15,18,17,17
68,Yellow,-1,0,1,1,2,1,16,18,17,17
69,Green,-1,-1,1,0,2,2,16,18,18,17
70,Blue,-2,-1,1,1,3,2,16,19,18,17
71,Red,-1,0,2,1,3,2,16,19,18,18
72,Blue,-2,0,2,2,4,2,16,20,18,18
73,Yellow,-2,0,1,2,3,1,17,20,18,18
74,Green,-2,-1,1,1,3,2,17,20,19,18
75,Green,-2,-2,1,0,3,3,17,20,20,18
76,Yellow,-2,-2,0,0,2,2,18,20,20,18
77,Blue,-3,-2,0,1,3,2,18,21,20,18
78,Blue,-4,-2,0,2,4,2,18,22,20,18
79,Green,-4,-3,0,1,4,3,18,22,21,18
80,Blue,-5,-3,0,2,5,3,18,23,21,18
81,Blue,-6,-3,0,3,6,3,18,24,21,18
82,Red,-5,-2,1,3,6,3,18,24,21,19
83,Green,-5,-3,1,2,6,4,18,24,22,19
84,Green,-5,-4,1,1,6,5,18,24,23,19
85,Green,-5,-5,1,0,6,6,18,24,24,19
86,Red,-4,-4,2,0,6,6,18,24,24,20
87,Red,-3,-3,3,0,6,6,18,24,24,21
88,Blue,-4,-3,3,1,7,6,18,25,24,21
89,Yellow,-4,-3,2,1,6,5,19,25,24,21
90,Red,-3,-2,3,1,6,5,19,25,24,22
91,Yellow,-3,-2,2,1,5,4,20,25,24,22
92,Blue,-4,-2,2,2,6,4,20,26,24,22
93,Blue,-5,-2,2,3,7,4,20,27,24,22
94,Red,-4,-1,3,3,7,4,20,27,24,23
95,Yellow,-4,-1,2,3,6,3,21,27,24,23
96,Green,-4,-2,2,2,6,4,21,27,25,23
97,Red,-3,-1,3,2,6,4,21,27,25,24
98,Blue,-4,-1,3,3,7,4,21,28,25,24
99,Blue,-5,-1,3,4,8,4,21,29,25,24
100,Blue,-6,-1,3,5,9,4,21,30,25,24
