index,color,Red-Blue,Red-Green,Red-Yellow,Red-Black,Blue-Green,Blue-Yellow,Blue-Black,Green-Yellow,Green-Black,Yellow-Black,prefix_Green,prefix_Blue,prefix_Yellow,prefix_Red,prefix_Black
1,Green,0,-1,0,0,-1,0,0,1,1,0,1,0,0,0,0
2,Blue,-1,-1,0,0,0,1,1,1,1,0,1,1,0,0,0
3,Yellow,-1,-1,-1,0,0,0,1,0,1,1,1,1,1,0,0
4,Red,0,0,0,1,0,0,1,0,1,1,1,1,1,1,0
5,Green,0,-1,0,1,-1,0,1,1,2,1,2,1,1,1,0
6,Blue,-1,-1,0,1,0,1,2,1,2,1,2,2,1,1,0
7,Green,-1,-2,0,1,-1,1,2,2,3,1,3,2,1,1,0
8,Red,0,-1,1,2,-1,1,2,2,3,1,3,2,1,2,0
9,Green,0,-2,1,2,-2,1,2,3,4,1,4,2,1,2,0
10,Black,0,-2,1,1,-2,1,1,3,3,0,4,2,1,2,1
11,Green,0,-3,1,1,-3,1,1,4,4,0,5,2,1,2,1
12,Yellow,0,-3,0,1,-3,0,1,3,4,1,5,2,2,2,1
13,Black,0,-3,0,0,-3,0,0,3,3,0,5,2,2,2,2
14,Black,0,-3,0,-1,-3,0,-1,3,2,-1,5,2,2,2,3
15,Blue,-1,-3,0,-1,-2,1,0,3,2,-1,5,3,2,2,3
16,Green,-1,-4,0,-1,-3,1,0,4,3,-1,6,3,2,2,3
17,Yellow,-1,-4,-1,-1,-3,0,0,3,3,0,6,3,3,2,3
18,Black,-1,-4,-1,-2,-3,0,-1,3,2,-1,6,3,3,2,4
19,Black,-1,-4,-1,-3,-3,0,-2,3,1,-2,6,3,3,2,5
20,Red,0,-3,0,-2,-3,0,-2,3,1,-2,6,3,3,3,5
21,Yellow,0,-3,-1,-2,-3,-1,-2,2,1,-1,6,3,4,3,5
22,Black,0,-3,-1,-3,-3,-1,-3,2,0,-2,6,3,4,3,6
23,Black,0,-3,-1,-4,-3,-1,-4,2,-1,-3,6,3,4,3,7
24,Blue,-1,-3,-1,-4,-2,0,-3,2,-1,-3,6,4,4,3,7
25,Yellow,-1,-3,-2,-4,-2,-1,-3,1,-1,-2,6,4,5,3,7
26,Green,-1,-4,-2,-4,-3,-1,-3,2,0,-2,7,4,5,3,7
27,Blue,-2,-4,-2,-4,-2,0,-2,2,0,-2,7,5,5,3,7
28,Yellow,-2,-4,-3,-4,-2,-1,-2,1,0,-1,7,5,6,3,7
29,Green,-2,-5,-3,-4,-3,-1,-2,2,1,-1,8,5,6,3,7
30,Yellow,-2,-5,-4,-4,-3,-2,-2,1,1,0,8,5,7,3,7
31,Green,-2,-6,-4,-4,-4,-2,-2,2,2,0,9,5,7,3,7
32,Blue,-3,-6,-4,-4,-3,-1,-1,2,2,0,9,6,7,3,7
33,Yellow,-3,-6,-5,-4,-3,-2,-1,1,2,1,9,6,8,3,7
34,Yellow,-3,-6,-6,-4,-3,-3,-1,0,2,2,9,6,9,3,7
35,Black,-3,-6,-6,-5,-3,-3,-2,0,1,1,9,6,9,3,8
36,Green,-3,-7,-6,-5,-4,-3,-2,1,2,1,10,6,9,3,8
37,Blue,-4,-7,-6,-5,-3,-2,-1,1,2,1,10,7,9,3,8
38,Yellow,-4,-7,-7,-5,-3,-3,-1,0,2,2,10,7,10,3,8
39,Green,-4,-8,-7,-5,-4,-3,-1,1,3,2,11,7,10,3,8
40,Blue,-5,-8,-7,-5,-3,-2,0,1,3,2,11,8,10,3,8
41,Red,-4,-7,-6,-4,-3,-2,0,1,3,2,11,8,10,4,8
42,Green,-4,-8,-6,-4,-4,-2,0,2,4,2,12,8,10,4,8
43,Red,-3,-7,-5,-3,-4,-2,0,2,4,2,12,8,10,5,8
44,Green,-3,-8,-5,-3,-5,-2,0,3,5,2,13,8,10,5,8
45,Black,-3,-8,-5,-4,-5,-2,-1,3,4,1,13,8,10,5,9
46,Blue,-4,-8,-5,-4,-4,-1,0,3,4,1,13,9,10,5,9
47,Black,-4,-8,-5,-5,-4,-1,-1,3,3,0,13,9,10,5,10
48,Black,-4,-8,-5,-6,-4,-1,-2,3,2,-1,13,9,10,5,11
49,Black,-4,-8,-5,-7,-4,-1,-3,3,1,-2,13,9,10,5,12
50,Black,-4,-8,-5,-8,-4,-1,-4,3,0,-3,13,9,10,5,13
51,Blue,-5,-8,-5,-8,-3,0,-3,3,0,-3,13,10,10,5,13
52,Red,-4,-7,-4,-7,-3,0,-3,3,0,-3,13,10,10,6,13
53,Yellow,-4,-7,-5,-7,-3,-1,-3,2,0,-2,13,10,11,6,13
54,Black,-4,-7,-5,-8,-3,-1,-4,2,-1,-3,13,10,11,6,14
55,Yellow,-4,-7,-6,-8,-3,-2,-4,1,-1,-2,13,10,12,6,14
56,Black,-4,-7,-6,-9,-3,-2,-5,1,-2,-3,13,10,12,6,15
57,Blue,-5,-7,-6,-9,-2,-1,-4,1,-2,-3,13,11,12,6,15
58,Yellow,-5,-7,-7,-9,-2,-2,-4,0,-2,-2,13,11,13,6,15
59,Red,-4,-6,-6,-8,-2,-2,-4,0,-2,-2,13,11,13,7,15
60,Yellow,-4,-6,-7,-8,-2,-3,-4,-1,-2,-1,13,11,14,7,15
61,Red,-3,-5,-6,-7,-2,-3,-4,-1,-2,-1,13,11,14,8,15
62,Black,-3,-5,-6,-8,-2,-3,-5,-1,-3,-2,13,11,14,8,16
63,Blue,-4,-5,-6,-8,-1,-2,-4,-1,-3,-2,13,12,14,8,16
64,Green,-4,-6,-6,-8,-2,-2,-4,0,-2,-2,14,12,14,8,16
65,Red,-3,-5,-5,-7,-2,-2,-4,0,-2,-2,14,12,14,9,16
66,Green,-3,-6,-5,-7,-3,-2,-4,1,-1,-2,15,12,14,9,16
67,Yellow,-3,-6,-6,-7,-3,-3,-4,0,-1,-1,15,12,15,9,16
68,Yellow,-3,-6,-7,-7,-3,-4,-4,-1,-1,0,15,12,16,9,16
69,Blue,-4,-6,-7,-7,-2,-3,-3,-1,-1,0,15,13,16,9,16
70,Black,-4,-6,-7,-8,-2,-3,-4,-1,-2,-1,15,13,16,9,17
71,Black,-4,-6,-7,-9,-2,-3,-5,-1,-3,-2,15,13,16,9,18
72,Green,-4,-7,-7,-9,-3,-3,-5,0,-2,-2,16,13,16,9,18
73,Blue,-5,-7,-7,-9,-2,-2,-4,0,-2,-2,16,14,16,9,18
74,Blue,-6,-7,-7,-9,-1,-1,-3,0,-2,-2,16,15,16,9,18
75,Black,-6,-7,-7,-10,-1,-1,-4,0,-3,-3,16,15,16,9,19
76,Green,-6,-8,-7,-10,-2,-1,-4,1,-2,-3,17,15,16,9,19
77,Blue,-7,-8,-7,-10,-1,0,-3,1,-2,-3,17,16,16,9,19
78,Green,-7,-9,-7,-10,-2,0,-3,2,-1,-3,18,16,16,9,19
79,Red,-6,-8,-6,-9,-2,0,-3,2,-1,-3,18,16,16,10,19
80,Black,-6,-8,-6,-10,-2,0,-4,2,-2,-4,18,16,16,10,20
81,Blue,-7,-8,-6,-10,-1,1,-3,2,-2,-4,18,17,16,10,20
82,Yellow,-7,-8,-7,-10,-1,0,-3,1,-2,-3,18,17,17,10,20
83,Green,-7,-9,-7,-10,-2,0,-3,2,-1,-3,19,17,17,10,20
84,Blue,-8,-9,-7,-10,-1,1,-2,2,-1,-3,19,18,17,10,20
85,Black,-8,-9,-7,-11,-1,1,-3,2,-2,-4,19,18,17,10,21
86,Green,-8,-10,-7,-11,-2,1,-3,3,-1,-4,20,18,17,10,21
87,Red,-7,-9,-6,-10,-2,1,-3,3,-1,-4,20,18,17,11,21
88,Blue,-8,-9,-6,-10,-1,2,-2,3,-1,-4,20,19,17,11,21
89,Red,-7,-8,-5,-9,-1,2,-2,3,-1,-4,20,19,17,12,21
90,Black,-7,-8,-5,-10,-1,2,-3,3,-2,-5,20,19,17,12,22
91,Black,-7,-8,-5,-11,-1,2,-4,3,-3,-6,20,19,17,12,23
92,Red,-6,-7,-4,-10,-1,2,-4,3,-3,-6,20,19,17,13,23
93,Black,-6,-7,-4,-11,-1,2,-5,3,-4,-7,20,19,17,13,24
94,Red,-5,-6,-3,-10,-1,2,-5,3,-4,-7,20,19,17,14,24
95,Green,-5,-7,-3,-10,-2,2,-5,4,-3,-7,21,19,17,14,24
96,Red,-4,-6,-2,-9,-2,2,-5,4,-3,-7,21,19,17,15,24
97,Green,-4,-7,-2,-9,-3,2,-5,5,-2,-7,22,19,17,15,24
98,Yellow,-4,-7,-3,-9,-3,1,-5,4,-2,-6,22,19,18,15,24
99,Yellow,-4,-7,-4,-9,-3,0,-5,3,-2,-5,22,19,19,15,24
100,Blue,-5,-7,-4,-9,-2,1,-4,3,-2,-5,22,20,19,15,24
101,Blue,-6,-7,-4,-9,-1,2,-3,3,-2,-5,22,21,19,15,24
102,Yellow,-6,-7,-5,-9,-1,1,-3,2,-2,-4,22,21,20,15,24
103,Green,-6,-8,-5,-9,-2,1,-3,3,-1,-4,23,21,20,15,24
104,Yellow,-6,-8,-6,-9,-2,0,-3,2,-1,-3,23,21,21,15,24
105,Green,-6,-9,-6,-9,-3,0,-3,3,0,-3,24,21,21,15,24
106,Green,-6,-10,-6,-9,-4,0,-3,4,1,-3,25,21,21,15,24
107,Yellow,-6,-10,-7,-9,-4,-1,-3,3,1,-2,25,21,22,15,24
108,Yellow,-6,-10,-8,-9,-4,-2,-3,2,1,-1,25,21,23,15,24
109,Yellow,-6,-10,-9,-9,-4,-3,-3,1,1,0,25,21,24,15,24
110,Yellow,-6,-10,-10,-9,-4,-4,-3,0,1,1,25,21,25,15,24
111,Black,-6,-10,-10,-10,-4,-4,-4,0,0,0,25,21,25,15,25
112,Black,-6,-10,-10,-11,-4,-4,-5,0,-1,-1,25,21,25,15,26
113,Blue,-7,-10,-10,-11,-3,-3,-4,0,-1,-1,25,22,25,15,26
114,Yellow,-7,-10,-11,-11,-3,-4,-4,-1,-1,0,25,22,26,15,26
115,Red,-6,-9,-10,-10,-3,-4,-4,-1,-1,0,25,22,26,16,26
116,Yellow,-6,-9,-11,-10,-3,-5,-4,-2,-1,1,25,22,27,16,26
117,Green,-6,-10,-11,-10,-4,-5,-4,-1,0,1,26,22,27,16,26
118,Yellow,-6,-10,-12,-10,-4,-6,-4,-2,0,2,26,22,28,16,26
119,Black,-6,-10,-12,-11,-4,-6,-5,-2,-1,1,26,22,28,16,27
120,Yellow,-6,-10,-13,-11,-4,-7,-5,-3,-1,2,26,22,29,16,27
121,Blue,-7,-10,-13,-11,-3,-6,-4,-3,-1,2,26,23,29,16,27
122,Blue,-8,-10,-13,-11,-2,-5,-3,-3,-1,2,26,24,29,16,27
123,Yellow,-8,-10,-14,-11,-2,-6,-3,-4,-1,3,26,24,30,16,27
124,Yellow,-8,-10,-15,-11,-2,-7,-3,-5,-1,4,26,24,31,16,27
125,Red,-7,-9,-14,-10,-2,-7,-3,-5,-1,4,26,24,31,17,27
126,Green,-7,-10,-14,-10,-3,-7,-3,-4,0,4,27,24,31,17,27
127,Yellow,-7,-10,-15,-10,-3,-8,-3,-5,0,5,27,24,32,17,27
128,Blue,-8,-10,-15,-10,-2,-7,-2,-5,0,5,27,25,32,17,27
129,Green,-8,-11,-15,-10,-3,-7,-2,-4,1,5,28,25,32,17,27
130,Blue,-9,-11,-15,-10,-2,-6,-1,-4,1,5,28,26,32,17,27
131,Red,-8,-10,-14,-9,-2,-6,-1,-4,1,5,28,26,32,18,27
132,Yellow,-8,-10,-15,-9,-2,-7,-1,-5,1,6,28,26,33,18,27
133,Yellow,-8,-10,-16,-9,-2,-8,-1,-6,1,7,28,26,34,18,27
134,Green,-8,-11,-16,-9,-3,-8,-1,-5,2,7,29,26,34,18,27
135,Blue,-9,-11,-16,-9,-2,-7,0,-5,2,7,29,27,34,18,27
136,Blue,-10,-11,-16,-9,-1,-6,1,-5,2,7,29,28,34,18,27
137,Green,-10,-12,-16,-9,-2,-6,1,-4,3,7,30,28,34,18,27
138,Red,-9,-11,-15,-8,-2,-6,1,-4,3,7,30,28,34,19,27
139,Blue,-10,-11,-15,-8,-1,-5,2,-4,3,7,30,29,34,19,27
140,Red,-9,-10,-14,-7,-1,-5,2,-4,3,7,30,29,34,20,27
141,Black,-9,-10,-14,-8,-1,-5,1,-4,2,6,30,29,34,20,28
142,Black,-9,-10,-14,-9,-1,-5,0,-4,1,5,30,29,34,20,29
143,Green,-9,-11,-14,-9,-2,-5,0,-3,2,5,31,29,34,20,29
144,Black,-9,-11,-14,-10,-2,-5,-1,-3,1,4,31,29,34,20,30
145,Red,-8,-10,-13,-9,-2,-5,-1,-3,1,4,31,29,34,21,30
146,Yellow,-8,-10,-14,-9,-2,-6,-1,-4,1,5,31,29,35,21,30
147,Yellow,-8,-10,-15,-9,-2,-7,-1,-5,1,6,31,29,36,21,30
148,Black,-8,-10,-15,-10,-2,-7,-2,-5,0,5,31,29,36,21,31
149,Black,-8,-10,-15,-11,-2,-7,-3,-5,-1,4,31,29,36,21,32
150,Blue,-9,-10,-15,-11,-1,-6,-2,-5,-1,4,31,30,36,21,32
151,Yellow,-9,-10,-16,-11,-1,-7,-2,-6,-1,5,31,30,37,21,32
152,Black,-9,-10,-16,-12,-1,-7,-3,-6,-2,4,31,30,37,21,33
153,Blue,-10,-10,-16,-12,0,-6,-2,-6,-2,4,31,31,37,21,33
154,Blue,-11,-10,-16,-12,1,-5,-1,-6,-2,4,31,32,37,21,33
155,Yellow,-11,-10,-17,-12,1,-6,-1,-7,-2,5,31,32,38,21,33
156,Green,-11,-11,-17,-12,0,-6,-1,-6,-1,5,32,32,38,21,33
157,Red,-10,-10,-16,-11,0,-6,-1,-6,-1,5,32,32,38,22,33
158,Red,-9,-9,-15,-10,0,-6,-1,-6,-1,5,32,32,38,23,33
159,Red,-8,-8,-14,-9,0,-6,-1,-6,-1,5,32,32,38,24,33
160,Red,-7,-7,-13,-8,0,-6,-1,-6,-1,5,32,32,38,25,33
161,Blue,-8,-7,-13,-8,1,-5,0,-6,-1,5,32,33,38,25,33
162,Black,-8,-7,-13,-9,1,-5,-1,-6,-2,4,32,33,38,25,34
163,Yellow,-8,-7,-14,-9,1,-6,-1,-7,-2,5,32,33,39,25,34
164,Blue,-9,-7,-14,-9,2,-5,0,-7,-2,5,32,34,39,25,34
165,Yellow,-9,-7,-15,-9,2,-6,0,-8,-2,6,32,34,40,25,34
166,Yellow,-9,-7,-16,-9,2,-7,0,-9,-2,7,32,34,41,25,34
167,Yellow,-9,-7,-17,-9,2,-8,0,-10,-2,8,32,34,42,25,34
168,Blue,-10,-7,-17,-9,3,-7,1,-10,-2,8,32,35,42,25,34
169,Red,-9,-6,-16,-8,3,-7,1,-10,-2,8,32,35,42,26,34
170,Yellow,-9,-6,-17,-8,3,-8,1,-11,-2,9,32,35,43,26,34
171,Red,-8,-5,-16,-7,3,-8,1,-11,-2,9,32,35,43,27,34
172,Red,-7,-4,-15,-6,3,-8,1,-11,-2,9,32,35,43,28,34
173,Black,-7,-4,-15,-7,3,-8,0,-11,-3,8,32,35,43,28,35
174,Yellow,-7,-4,-16,-7,3,-9,0,-12,-3,9,32,35,44,28,35
175,Yellow,-7,-4,-17,-7,3,-10,0,-13,-3,10,32,35,45,28,35
176,Red,-6,-3,-16,-6,3,-10,0,-13,-3,10,32,35,45,29,35
177,Yellow,-6,-3,-17,-6,3,-11,0,-14,-3,11,32,35,46,29,35
178,Green,-6,-4,-17,-6,2,-11,0,-13,-2,11,33,35,46,29,35
179,Green,-6,-5,-17,-6,1,-11,0,-12,-1,11,34,35,46,29,35
180,Blue,-7,-5,-17,-6,2,-10,1,-12,-1,11,34,36,46,29,35
181,Blue,-8,-5,-17,-6,3,-9,2,-12,-1,11,34,37,46,29,35
182,Green,-8,-6,-17,-6,2,-9,2,-11,0,11,35,37,46,29,35
183,Black,-8,-6,-17,-7,2,-9,1,-11,-1,10,35,37,46,29,36
184,Red,-7,-5,-16,-6,2,-9,1,-11,-1,10,35,37,46,30,36
185,Green,-7,-6,-16,-6,1,-9,1,-10,0,10,36,37,46,30,36
186,Green,-7,-7,-16,-6,0,-9,1,-9,1,10,37,37,46,30,36
187,Blue,-8,-7,-16,-6,1,-8,2,-9,1,10,37,38,46,30,36
188,Green,-8,-8,-16,-6,0,-8,2,-8,2,10,38,38,46,30,36
189,Black,-8,-8,-16,-7,0,-8,1,-8,1,9,38,38,46,30,37
190,Red,-7,-7,-15,-6,0,-8,1,-8,1,9,38,38,46,31,37
191,Green,-7,-8,-15,-6,-1,-8,1,-7,2,9,39,38,46,31,37
192,Green,-7,-9,-15,-6,-2,-8,1,-6,3,9,40,38,46,31,37
193,Black,-7,-9,-15,-7,-2,-8,0,-6,2,8,40,38,46,31,38
194,Yellow,-7,-9,-16,-7,-2,-9,0,-7,2,9,40,38,47,31,38
195,Yellow,-7,-9,-17,-7,-2,-10,0,-8,2,10,40,38,48,31,38
196,Red,-6,-8,-16,-6,-2,-10,0,-8,2,10,40,38,48,32,38
197,Red,-5,-7,-15,-5,-2,-10,0,-8,2,10,40,38,48,33,38
198,Green,-5,-8,-15,-5,-3,-10,0,-7,3,10,41,38,48,33,38
199,Black,-5,-8,-15,-6,-3,-10,-1,-7,2,9,41,38,48,33,39
200,Black,-5,-8,-15,-7,-3,-10,-2,-7,1,8,41,38,48,33,40
201,Yellow,-5,-8,-16,-7,-3,-11,-2,-8,1,9,41,38,49,33,40
202,Green,-5,-9,-16,-7,-4,-11,-2,-7,2,9,42,38,49,33,40
203,Black,-5,-9,-16,-8,-4,-11,-3,-7,1,8,42,38,49,33,41
204,Black,-5,-9,-16,-9,-4,-11,-4,-7,0,7,42,38,49,33,42
205,Yellow,-5,-9,-17,-9,-4,-12,-4,-8,0,8,42,38,50,33,42
206,Black,-5,-9,-17,-10,-4,-12,-5,-8,-1,7,42,38,50,33,43
207,Black,-5,-9,-17,-11,-4,-12,-6,-8,-2,6,42,38,50,33,44
208,Blue,-6,-9,-17,-11,-3,-11,-5,-8,-2,6,42,39,50,33,44
209,Blue,-7,-9,-17,-11,-2,-10,-4,-8,-2,6,42,40,50,33,44
210,Red,-6,-8,-16,-10,-2,-10,-4,-8,-2,6,42,40,50,34,44
211,Green,-6,-9,-16,-10,-3,-10,-4,-7,-1,6,43,40,50,34,44
212,Red,-5,-8,-15,-9,-3,-10,-4,-7,-1,6,43,40,50,35,44
213,Blue,-6,-8,-15,-9,-2,-9,-3,-7,-1,6,43,41,50,35,44
214,Green,-6,-9,-15,-9,-3,-9,-3,-6,0,6,44,41,50,35,44
215,Black,-6,-9,-15,-10,-3,-9,-4,-6,-1,5,44,41,50,35,45
216,Green,-6,-10,-15,-10,-4,-9,-4,-5,0,5,45,41,50,35,45
217,Green,-6,-11,-15,-10,-5,-9,-4,-4,1,5,46,41,50,35,45
218,Red,-5,-10,-14,-9,-5,-9,-4,-4,1,5,46,41,50,36,45
219,Yellow,-5,-10,-15,-9,-5,-10,-4,-5,1,6,46,41,51,36,45
220,Yellow,-5,-10,-16,-9,-5,-11,-4,-6,1,7,46,41,52,36,45
221,Green,-5,-11,-16,-9,-6,-11,-4,-5,2,7,47,41,52,36,45
222,Blue,-6,-11,-16,-9,-5,-10,-3,-5,2,7,47,42,52,36,45
223,Red,-5,-10,-15,-8,-5,-10,-3,-5,2,7,47,42,52,37,45
224,Green,-5,-11,-15,-8,-6,-10,-3,-4,3,7,48,42,52,37,45
225,Green,-5,-12,-15,-8,-7,-10,-3,-3,4,7,49,42,52,37,45
226,Black,-5,-12,-15,-9,-7,-10,-4,-3,3,6,49,42,52,37,46
227,Black,-5,-12,-15,-10,-7,-10,-5,-3,2,5,49,42,52,37,47
228,Yellow,-5,-12,-16,-10,-7,-11,-5,-4,2,6,49,42,53,37,47
229,Black,-5,-12,-16,-11,-7,-11,-6,-4,1,5,49,42,53,37,48
230,Blue,-6,-12,-16,-11,-6,-10,-5,-4,1,5,49,43,53,37,48
231,Red,-5,-11,-15,-10,-6,-10,-5,-4,1,5,49,43,53,38,48
232,Black,-5,-11,-15,-11,-6,-10,-6,-4,0,4,49,43,53,38,49
233,Green,-5,-12,-15,-11,-7,-10,-6,-3,1,4,50,43,53,38,49
234,Red,-4,-11,-14,-10,-7,-10,-6,-3,1,4,50,43,53,39,49
235,Red,-3,-10,-13,-9,-7,-10,-6,-3,1,4,50,43,53,40,49
236,Green,-3,-11,-13,-9,-8,-10,-6,-2,2,4,51,43,53,40,49
237,Black,-3,-11,-13,-10,-8,-10,-7,-2,1,3,51,43,53,40,50
238,Red,-2,-10,-12,-9,-8,-10,-7,-2,1,3,51,43,53,41,50
239,Black,-2,-10,-12,-10,-8,-10,-8,-2,0,2,51,43,53,41,51
240,Green,-2,-11,-12,-10,-9,-10,-8,-1,1,2,52,43,53,41,51
241,Yellow,-2,-11,-13,-10,-9,-11,-8,-2,1,3,52,43,54,41,51
242,Black,-2,-11,-13,-11,-9,-11,-9,-2,0,2,52,43,54,41,52
243,Yellow,-2,-11,-14,-11,-9,-12,-9,-3,0,3,52,43,55,41,52
244,Red,-1,-10,-13,-10,-9,-12,-9,-3,0,3,52,43,55,42,52
245,Yellow,-1,-10,-14,-10,-9,-13,-9,-4,0,4,52,43,56,42,52
246,Black,-1,-10,-14,-11,-9,-13,-10,-4,-1,3,52,43,56,42,53
247,Red,0,-9,-13,-10,-9,-13,-10,-4,-1,3,52,43,56,43,53
248,Yellow,0,-9,-14,-10,-9,-14,-10,-5,-1,4,52,43,57,43,53
249,Black,0,-9,-14,-11,-9,-14,-11,-5,-2,3,52,43,57,43,54
250,Black,0,-9,-14,-12,-9,-14,-12,-5,-3,2,52,43,57,43,55
251,Yellow,0,-9,-15,-12,-9,-15,-12,-6,-3,3,52,43,58,43,55
252,Blue,-1,-9,-15,-12,-8,-14,-11,-6,-3,3,52,44,58,43,55
253,Black,-1,-9,-15,-13,-8,-14,-12,-6,-4,2,52,44,58,43,56
254,Blue,-2,-9,-15,-13,-7,-13,-11,-6,-4,2,52,45,58,43,56
255,Green,-2,-10,-15,-13,-8,-13,-11,-5,-3,2,53,45,58,43,56
256,Blue,-3,-10,-15,-13,-7,-12,-10,-5,-3,2,53,46,58,43,56
257,Yellow,-3,-10,-16,-13,-7,-13,-10,-6,-3,3,53,46,59,43,56
258,Black,-3,-10,-16,-14,-7,-13,-11,-6,-4,2,53,46,59,43,57
259,Black,-3,-10,-16,-15,-7,-13,-12,-6,-5,1,53,46,59,43,58
260,Red,-2,-9,-15,-14,-7,-13,-12,-6,-5,1,53,46,59,44,58
261,Yellow,-2,-9,-16,-14,-7,-14,-12,-7,-5,2,53,46,60,44,58
262,Blue,-3,-9,-16,-14,-6,-13,-11,-7,-5,2,53,47,60,44,58
263,Black,-3,-9,-16,-15,-6,-13,-12,-7,-6,1,53,47,60,44,59
264,Red,-2,-8,-15,-14,-6,-13,-12,-7,-6,1,53,47,60,45,59
265,Blue,-3,-8,-15,-14,-5,-12,-11,-7,-6,1,53,48,60,45,59
266,Black,-3,-8,-15,-15,-5,-12,-12,-7,-7,0,53,48,60,45,60
267,Red,-2,-7,-14,-14,-5,-12,-12,-7,-7,0,53,48,60,46,60
268,Blue,-3,-7,-14,-14,-4,-11,-11,-7,-7,0,53,49,60,46,60
269,Black,-3,-7,-14,-15,-4,-11,-12,-7,-8,-1,53,49,60,46,61
270,Green,-3,-8,-14,-15,-5,-11,-12,-6,-7,-1,54,49,60,46,61
271,Blue,-4,-8,-14,-15,-4,-10,-11,-6,-7,-1,54,50,60,46,61
272,Red,-3,-7,-13,-14,-4,-10,-11,-6,-7,-1,54,50,60,47,61
273,Green,-3,-8,-13,-14,-5,-10,-11,-5,-6,-1,55,50,60,47,61
274,Yellow,-3,-8,-14,-14,-5,-11,-11,-6,-6,0,55,50,61,47,61
275,Blue,-4,-8,-14,-14,-4,-10,-10,-6,-6,0,55,51,61,47,61
276,Black,-4,-8,-14,-15,-4,-10,-11,-6,-7,-1,55,51,61,47,62
277,Green,-4,-9,-14,-15,-5,-10,-11,-5,-6,-1,56,51,61,47,62
278,Black,-4,-9,-14,-16,-5,-10,-12,-5,-7,-2,56,51,61,47,63
279,Black,-4,-9,-14,-17,-5,-10,-13,-5,-8,-3,56,51,61,47,64
280,Black,-4,-9,-14,-18,-5,-10,-14,-5,-9,-4,56,51,61,47,65
281,Red,-3,-8,-13,-17,-5,-10,-14,-5,-9,-4,56,51,61,48,65
282,Black,-3,-8,-13,-18,-5,-10,-15,-5,-10,-5,56,51,61,48,66
283,Blue,-4,-8,-13,-18,-4,-9,-14,-5,-10,-5,56,52,61,48,66
284,Yellow,-4,-8,-14,-18,-4,-10,-14,-6,-10,-4,56,52,62,48,66
285,Black,-4,-8,-14,-19,-4,-10,-15,-6,-11,-5,56,52,62,48,67
286,Yellow,-4,-8,-15,-19,-4,-11,-15,-7,-11,-4,56,52,63,48,67
287,Black,-4,-8,-15,-20,-4,-11,-16,-7,-12,-5,56,52,63,48,68
288,Blue,-5,-8,-15,-20,-3,-10,-15,-7,-12,-5,56,53,63,48,68
289,Red,-4,-7,-14,-19,-3,-10,-15,-7,-12,-5,56,53,63,49,68
290,Green,-4,-8,-14,-19,-4,-10,-15,-6,-11,-5,57,53,63,49,68
291,Black,-4,-8,-14,-20,-4,-10,-16,-6,-12,-6,57,53,63,49,69
292,Yellow,-4,-8,-15,-20,-4,-11,-16,-7,-12,-5,57,53,64,49,69
293,Blue,-5,-8,-15,-20,-3,-10,-15,-7,-12,-5,57,54,64,49,69
294,Red,-4,-7,-14,-19,-3,-10,-15,-7,-12,-5,57,54,64,50,69
295,Red,-3,-6,-13,-18,-3,-10,-15,-7,-12,-5,57,54,64,51,69
296,Yellow,-3,-6,-14,-18,-3,-11,-15,-8,-12,-4,57,54,65,51,69
297,Red,-2,-5,-13,-17,-3,-11,-15,-8,-12,-4,57,54,65,52,69
298,Blue,-3,-5,-13,-17,-2,-10,-14,-8,-12,-4,57,55,65,52,69
299,Black,-3,-5,-13,-18,-2,-10,-15,-8,-13,-5,57,55,65,52,70
300,Black,-3,-5,-13,-19,-2,-10,-16,-8,-14,-6,57,55,65,52,71
301,Black,-3,-5,-13,-20,-2,-10,-17,-8,-15,-7,57,55,65,52,72
302,Black,-3,-5,-13,-21,-2,-10,-18,-8,-16,-8,57,55,65,52,73
303,Black,-3,-5,-13,-22,-2,-10,-19,-8,-17,-9,57,55,65,52,74
304,Yellow,-3,-5,-14,-22,-2,-11,-19,-9,-17,-8,57,55,66,52,74
305,Blue,-4,-5,-14,-22,-1,-10,-18,-9,-17,-8,57,56,66,52,74
306,Green,-4,-6,-14,-22,-2,-10,-18,-8,-16,-8,58,56,66,52,74
307,Blue,-5,-6,-14,-22,-1,-9,-17,-8,-16,-8,58,57,66,52,74
308,Red,-4,-5,-13,-21,-1,-9,-17,-8,-16,-8,58,57,66,53,74
309,Black,-4,-5,-13,-22,-1,-9,-18,-8,-17,-9,58,57,66,53,75
310,Red,-3,-4,-12,-21,-1,-9,-18,-8,-17,-9,58,57,66,54,75
311,Blue,-4,-4,-12,-21,0,-8,-17,-8,-17,-9,58,58,66,54,75
312,Blue,-5,-4,-12,-21,1,-7,-16,-8,-17,-9,58,59,66,54,75
313,Green,-5,-5,-12,-21,0,-7,-16,-7,-16,-9,59,59,66,54,75
314,Green,-5,-6,-12,-21,-1,-7,-16,-6,-15,-9,60,59,66,54,75
315,Black,-5,-6,-12,-22,-1,-7,-17,-6,-16,-10,60,59,66,54,76
316,Black,-5,-6,-12,-23,-1,-7,-18,-6,-17,-11,60,59,66,54,77
317,Yellow,-5,-6,-13,-23,-1,-8,-18,-7,-17,-10,60,59,67,54,77
318,Blue,-6,-6,-13,-23,0,-7,-17,-7,-17,-10,60,60,67,54,77
319,Green,-6,-7,-13,-23,-1,-7,-17,-6,-16,-10,61,60,67,54,77
320,Green,-6,-8,-13,-23,-2,-7,-17,-5,-15,-10,62,60,67,54,77
321,Blue,-7,-8,-13,-23,-1,-6,-16,-5,-15,-10,62,61,67,54,77
322,Green,-7,-9,-13,-23,-2,-6,-16,-4,-14,-10,63,61,67,54,77
323,Yellow,-7,-9,-14,-23,-2,-7,-16,-5,-14,-9,63,61,68,54,77
324,Red,-6,-8,-13,-22,-2,-7,-16,-5,-14,-9,63,61,68,55,77
325,Green,-6,-9,-13,-22,-3,-7,-16,-4,-13,-9,64,61,68,55,77
326,Red,-5,-8,-12,-21,-3,-7,-16,-4,-13,-9,64,61,68,56,77
327,Green,-5,-9,-12,-21,-4,-7,-16,-3,-12,-9,65,61,68,56,77
328,Black,-5,-9,-12,-22,-4,-7,-17,-3,-13,-10,65,61,68,56,78
329,Blue,-6,-9,-12,-22,-3,-6,-16,-3,-13,-10,65,62,68,56,78
330,Black,-6,-9,-12,-23,-3,-6,-17,-3,-14,-11,65,62,68,56,79
331,Yellow,-6,-9,-13,-23,-3,-7,-17,-4,-14,-10,65,62,69,56,79
332,Yellow,-6,-9,-14,-23,-3,-8,-17,-5,-14,-9,65,62,70,56,79
333,Red,-5,-8,-13,-22,-3,-8,-17,-5,-14,-9,65,62,70,57,79
334,Red,-4,-7,-12,-21,-3,-8,-17,-5,-14,-9,65,62,70,58,79
335,Yellow,-4,-7,-13,-21,-3,-9,-17,-6,-14,-8,65,62,71,58,79
336,Yellow,-4,-7,-14,-21,-3,-10,-17,-7,-14,-7,65,62,72,58,79
337,Blue,-5,-7,-14,-21,-2,-9,-16,-7,-14,-7,65,63,72,58,79
338,Yellow,-5,-7,-15,-21,-2,-10,-16,-8,-14,-6,65,63,73,58,79
339,Green,-5,-8,-15,-21,-3,-10,-16,-7,-13,-6,66,63,73,58,79
340,Blue,-6,-8,-15,-21,-2,-9,-15,-7,-13,-6,66,64,73,58,79
341,Green,-6,-9,-15,-21,-3,-9,-15,-6,-12,-6,67,64,73,58,79
342,Green,-6,-10,-15,-21,-4,-9,-15,-5,-11,-6,68,64,73,58,79
343,Blue,-7,-10,-15,-21,-3,-8,-14,-5,-11,-6,68,65,73,58,79
344,Black,-7,-10,-15,-22,-3,-8,-15,-5,-12,-7,68,65,73,58,80
345,Green,-7,-11,-15,-22,-4,-8,-15,-4,-11,-7,69,65,73,58,80
346,Yellow,-7,-11,-16,-22,-4,-9,-15,-5,-11,-6,69,65,74,58,80
347,Black,-7,-11,-16,-23,-4,-9,-16,-5,-12,-7,69,65,74,58,81
348,Green,-7,-12,-16,-23,-5,-9,-16,-4,-11,-7,70,65,74,58,81
349,Yellow,-7,-12,-17,-23,-5,-10,-16,-5,-11,-6,70,65,75,58,81
350,Green,-7,-13,-17,-23,-6,-10,-16,-4,-10,-6,71,65,75,58,81
351,Red,-6,-12,-16,-22,-6,-10,-16,-4,-10,-6,71,65,75,59,81
352,Yellow,-6,-12,-17,-22,-6,-11,-16,-5,-10,-5,71,65,76,59,81
353,Blue,-7,-12,-17,-22,-5,-10,-15,-5,-10,-5,71,66,76,59,81
354,Yellow,-7,-12,-18,-22,-5,-11,-15,-6,-10,-4,71,66,77,59,81
355,Yellow,-7,-12,-19,-22,-5,-12,-15,-7,-10,-3,71,66,78,59,81
356,Black,-7,-12,-19,-23,-5,-12,-16,-7,-11,-4,71,66,78,59,82
357,Green,-7,-13,-19,-23,-6,-12,-16,-6,-10,-4,72,66,78,59,82
358,Green,-7,-14,-19,-23,-7,-12,-16,-5,-9,-4,73,66,78,59,82
359,Red,-6,-13,-18,-22,-7,-12,-16,-5,-9,-4,73,66,78,60,82
360,Blue,-7,-13,-18,-22,-6,-11,-15,-5,-9,-4,73,67,78,60,82
361,Yellow,-7,-13,-19,-22,-6,-12,-15,-6,-9,-3,73,67,79,60,82
362,Yellow,-7,-13,-20,-22,-6,-13,-15,-7,-9,-2,73,67,80,60,82
363,Black,-7,-13,-20,-23,-6,-13,-16,-7,-10,-3,73,67,80,60,83
364,Red,-6,-12,-19,-22,-6,-13,-16,-7,-10,-3,73,67,80,61,83
365,Yellow,-6,-12,-20,-22,-6,-14,-16,-8,-10,-2,73,67,81,61,83
366,Blue,-7,-12,-20,-22,-5,-13,-15,-8,-10,-2,73,68,81,61,83
367,Yellow,-7,-12,-21,-22,-5,-14,-15,-9,-10,-1,73,68,82,61,83
368,Yellow,-7,-12,-22,-22,-5,-15,-15,-10,-10,0,73,68,83,61,83
369,Green,-7,-13,-22,-22,-6,-15,-15,-9,-9,0,74,68,83,61,83
370,Black,-7,-13,-22,-23,-6,-15,-16,-9,-10,-1,74,68,83,61,84
371,Green,-7,-14,-22,-23,-7,-15,-16,-8,-9,-1,75,68,83,61,84
372,Yellow,-7,-14,-23,-23,-7,-16,-16,-9,-9,0,75,68,84,61,84
373,Green,-7,-15,-23,-23,-8,-16,-16,-8,-8,0,76,68,84,61,84
374,Blue,-8,-15,-23,-23,-7,-15,-15,-8,-8,0,76,69,84,61,84
375,Blue,-9,-15,-23,-23,-6,-14,-14,-8,-8,0,76,70,84,61,84
376,Blue,-10,-15,-23,-23,-5,-13,-13,-8,-8,0,76,71,84,61,84
377,Yellow,-10,-15,-24,-23,-5,-14,-13,-9,-8,1,76,71,85,61,84
378,Black,-10,-15,-24,-24,-5,-14,-14,-9,-9,0,76,71,85,61,85
379,Green,-10,-16,-24,-24,-6,-14,-14,-8,-8,0,77,71,85,61,85
380,Blue,-11,-16,-24,-24,-5,-13,-13,-8,-8,0,77,72,85,61,85
381,Black,-11,-16,-24,-25,-5,-13,-14,-8,-9,-1,77,72,85,61,86
382,Red,-10,-15,-23,-24,-5,-13,-14,-8,-9,-1,77,72,85,62,86
383,Green,-10,-16,-23,-24,-6,-13,-14,-7,-8,-1,78,72,85,62,86
384,Black,-10,-16,-23,-25,-6,-13,-15,-7,-9,-2,78,72,85,62,87
385,Red,-9,-15,-22,-24,-6,-13,-15,-7,-9,-2,78,72,85,63,87
386,Black,-9,-15,-22,-25,-6,-13,-16,-7,-10,-3,78,72,85,63,88
387,Yellow,-9,-15,-23,-25,-6,-14,-16,-8,-10,-2,78,72,86,63,88
388,Red,-8,-14,-22,-24,-6,-14,-16,-8,-10,-2,78,72,86,64,88
389,Yellow,-8,-14,-23,-24,-6,-15,-16,-9,-10,-1,78,72,87,64,88
390,Red,-7,-13,-22,-23,-6,-15,-16,-9,-10,-1,78,72,87,65,88
391,Red,-6,-12,-21,-22,-6,-15,-16,-9,-10,-1,78,72,87,66,88
392,Yellow,-6,-12,-22,-22,-6,-16,-16,-10,-10,0,78,72,88,66,88
393,Green,-6,-13,-22,-22,-7,-16,-16,-9,-9,0,79,72,88,66,88
394,Black,-6,-13,-22,-23,-7,-16,-17,-9,-10,-1,79,72,88,66,89
395,Black,-6,-13,-22,-24,-7,-16,-18,-9,-11,-2,79,72,88,66,90
396,Blue,-7,-13,-22,-24,-6,-15,-17,-9,-11,-2,79,73,88,66,90
397,Yellow,-7,-13,-23,-24,-6,-16,-17,-10,-11,-1,79,73,89,66,90
398,Blue,-8,-13,-23,-24,-5,-15,-16,-10,-11,-1,79,74,89,66,90
399,Red,-7,-12,-22,-23,-5,-15,-16,-10,-11,-1,79,74,89,67,90
400,Black,-7,-12,-22,-24,-5,-15,-17,-10,-12,-2,79,74,89,67,91
401,Green,-7,-13,-22,-24,-6,-15,-17,-9,-11,-2,80,74,89,67,91
402,Black,-7,-13,-22,-25,-6,-15,-18,-9,-12,-3,80,74,89,67,92
403,Blue,-8,-13,-22,-25,-5,-14,-17,-9,-12,-3,80,75,89,67,92
404,Blue,-9,-13,-22,-25,-4,-13,-16,-9,-12,-3,80,76,89,67,92
405,Black,-9,-13,-22,-26,-4,-13,-17,-9,-13,-4,80,76,89,67,93
406,Yellow,-9,-13,-23,-26,-4,-14,-17,-10,-13,-3,80,76,90,67,93
407,Red,-8,-12,-22,-25,-4,-14,-17,-10,-13,-3,80,76,90,68,93
408,Yellow,-8,-12,-23,-25,-4,-15,-17,-11,-13,-2,80,76,91,68,93
409,Yellow,-8,-12,-24,-25,-4,-16,-17,-12,-13,-1,80,76,92,68,93
410,Black,-8,-12,-24,-26,-4,-16,-18,-12,-14,-2,80,76,92,68,94
411,Yellow,-8,-12,-25,-26,-4,-17,-18,-13,-14,-1,80,76,93,68,94
412,Red,-7,-11,-24,-25,-4,-17,-18,-13,-14,-1,80,76,93,69,94
413,Blue,-8,-11,-24,-25,-3,-16,-17,-13,-14,-1,80,77,93,69,94
414,Green,-8,-12,-24,-25,-4,-16,-17,-12,-13,-1,81,77,93,69,94
415,Green,-8,-13,-24,-25,-5,-16,-17,-11,-12,-1,82,77,93,69,94
416,Red,-7,-12,-23,-24,-5,-16,-17,-11,-12,-1,82,77,93,70,94
417,Yellow,-7,-12,-24,-24,-5,-17,-17,-12,-12,0,82,77,94,70,94
418,Red,-6,-11,-23,-23,-5,-17,-17,-12,-12,0,82,77,94,71,94
419,Yellow,-6,-11,-24,-23,-5,-18,-17,-13,-12,1,82,77,95,71,94
420,Black,-6,-11,-24,-24,-5,-18,-18,-13,-13,0,82,77,95,71,95
421,Blue,-7,-11,-24,-24,-4,-17,-17,-13,-13,0,82,78,95,71,95
422,Blue,-8,-11,-24,-24,-3,-16,-16,-13,-13,0,82,79,95,71,95
423,Yellow,-8,-11,-25,-24,-3,-17,-16,-14,-13,1,82,79,96,71,95
424,Green,-8,-12,-25,-24,-4,-17,-16,-13,-12,1,83,79,96,71,95
425,Yellow,-8,-12,-26,-24,-4,-18,-16,-14,-12,2,83,79,97,71,95
426,Black,-8,-12,-26,-25,-4,-18,-17,-14,-13,1,83,79,97,71,96
427,Green,-8,-13,-26,-25,-5,-18,-17,-13,-12,1,84,79,97,71,96
428,Blue,-9,-13,-26,-25,-4,-17,-16,-13,-12,1,84,80,97,71,96
429,Black,-9,-13,-26,-26,-4,-17,-17,-13,-13,0,84,80,97,71,97
430,Red,-8,-12,-25,-25,-4,-17,-17,-13,-13,0,84,80,97,72,97
431,Blue,-9,-12,-25,-25,-3,-16,-16,-13,-13,0,84,81,97,72,97
432,Black,-9,-12,-25,-26,-3,-16,-17,-13,-14,-1,84,81,97,72,98
433,Blue,-10,-12,-25,-26,-2,-15,-16,-13,-14,-1,84,82,97,72,98
434,Red,-9,-11,-24,-25,-2,-15,-16,-13,-14,-1,84,82,97,73,98
435,Blue,-10,-11,-24,-25,-1,-14,-15,-13,-14,-1,84,83,97,73,98
436,Blue,-11,-11,-24,-25,0,-13,-14,-13,-14,-1,84,84,97,73,98
437,Green,-11,-12,-24,-25,-1,-13,-14,-12,-13,-1,85,84,97,73,98
438,Black,-11,-12,-24,-26,-1,-13,-15,-12,-14,-2,85,84,97,73,99
439,Green,-11,-13,-24,-26,-2,-13,-15,-11,-13,-2,86,84,97,73,99
440,Black,-11,-13,-24,-27,-2,-13,-16,-11,-14,-3,86,84,97,73,100
441,Green,-11,-14,-24,-27,-3,-13,-16,-10,-13,-3,87,84,97,73,100
442,Yellow,-11,-14,-25,-27,-3,-14,-16,-11,-13,-2,87,84,98,73,100
443,Black,-11,-14,-25,-28,-3,-14,-17,-11,-14,-3,87,84,98,73,101
444,Red,-10,-13,-24,-27,-3,-14,-17,-11,-14,-3,87,84,98,74,101
445,Blue,-11,-13,-24,-27,-2,-13,-16,-11,-14,-3,87,85,98,74,101
446,Blue,-12,-13,-24,-27,-1,-12,-15,-11,-14,-3,87,86,98,74,101
447,Blue,-13,-13,-24,-27,0,-11,-14,-11,-14,-3,87,87,98,74,101
448,Green,-13,-14,-24,-27,-1,-11,-14,-10,-13,-3,88,87,98,74,101
449,Black,-13,-14,-24,-28,-1,-11,-15,-10,-14,-4,88,87,98,74,102
450,Green,-13,-15,-24,-28,-2,-11,-15,-9,-13,-4,89,87,98,74,102
451,Red,-12,-14,-23,-27,-2,-11,-15,-9,-13,-4,89,87,98,75,102
452,Blue,-13,-14,-23,-27,-1,-10,-14,-9,-13,-4,89,88,98,75,102
453,Red,-12,-13,-22,-26,-1,-10,-14,-9,-13,-4,89,88,98,76,102
454,Black,-12,-13,-22,-27,-1,-10,-15,-9,-14,-5,89,88,98,76,103
455,Blue,-13,-13,-22,-27,0,-9,-14,-9,-14,-5,89,89,98,76,103
456,Red,-12,-12,-21,-26,0,-9,-14,-9,-14,-5,89,89,98,77,103
457,Green,-12,-13,-21,-26,-1,-9,-14,-8,-13,-5,90,89,98,77,103
458,Yellow,-12,-13,-22,-26,-1,-10,-14,-9,-13,-4,90,89,99,77,103
459,Black,-12,-13,-22,-27,-1,-10,-15,-9,-14,-5,90,89,99,77,104
460,Blue,-13,-13,-22,-27,0,-9,-14,-9,-14,-5,90,90,99,77,104
461,Yellow,-13,-13,-23,-27,0,-10,-14,-10,-14,-4,90,90,100,77,104
462,Blue,-14,-13,-23,-27,1,-9,-13,-10,-14,-4,90,91,100,77,104
463,Yellow,-14,-13,-24,-27,1,-10,-13,-11,-14,-3,90,91,101,77,104
464,Green,-14,-14,-24,-27,0,-10,-13,-10,-13,-3,91,91,101,77,104
465,Green,-14,-15,-24,-27,-1,-10,-13,-9,-12,-3,92,91,101,77,104
466,Green,-14,-16,-24,-27,-2,-10,-13,-8,-11,-3,93,91,101,77,104
467,Red,-13,-15,-23,-26,-2,-10,-13,-8,-11,-3,93,91,101,78,104
468,Red,-12,-14,-22,-25,-2,-10,-13,-8,-11,-3,93,91,101,79,104
469,Red,-11,-13,-21,-24,-2,-10,-13,-8,-11,-3,93,91,101,80,104
470,Green,-11,-14,-21,-24,-3,-10,-13,-7,-10,-3,94,91,101,80,104
471,Red,-10,-13,-20,-23,-3,-10,-13,-7,-10,-3,94,91,101,81,104
472,Green,-10,-14,-20,-23,-4,-10,-13,-6,-9,-3,95,91,101,81,104
473,Black,-10,-14,-20,-24,-4,-10,-14,-6,-10,-4,95,91,101,81,105
474,Yellow,-10,-14,-21,-24,-4,-11,-14,-7,-10,-3,95,91,102,81,105
475,Blue,-11,-14,-21,-24,-3,-10,-13,-7,-10,-3,95,92,102,81,105
476,Green,-11,-15,-21,-24,-4,-10,-13,-6,-9,-3,96,92,102,81,105
477,Yellow,-11,-15,-22,-24,-4,-11,-13,-7,-9,-2,96,92,103,81,105
478,Yellow,-11,-15,-23,-24,-4,-12,-13,-8,-9,-1,96,92,104,81,105
479,Red,-10,-14,-22,-23,-4,-12,-13,-8,-9,-1,96,92,104,82,105
480,Green,-10,-15,-22,-23,-5,-12,-13,-7,-8,-1,97,92,104,82,105
481,Black,-10,-15,-22,-24,-5,-12,-14,-7,-9,-2,97,92,104,82,106
482,Black,-10,-15,-22,-25,-5,-12,-15,-7,-10,-3,97,92,104,82,107
483,Black,-10,-15,-22,-26,-5,-12,-16,-7,-11,-4,97,92,104,82,108
484,Red,-9,-14,-21,-25,-5,-12,-16,-7,-11,-4,97,92,104,83,108
485,Yellow,-9,-14,-22,-25,-5,-13,-16,-8,-11,-3,97,92,105,83,108
486,Yellow,-9,-14,-23,-25,-5,-14,-16,-9,-11,-2,97,92,106,83,108
487,Black,-9,-14,-23,-26,-5,-14,-17,-9,-12,-3,97,92,106,83,109
488,Yellow,-9,-14,-24,-26,-5,-15,-17,-10,-12,-2,97,92,107,83,109
489,Yellow,-9,-14,-25,-26,-5,-16,-17,-11,-12,-1,97,92,108,83,109
490,Black,-9,-14,-25,-27,-5,-16,-18,-11,-13,-2,97,92,108,83,110
491,Red,-8,-13,-24,-26,-5,-16,-18,-11,-13,-2,97,92,108,84,110
492,Black,-8,-13,-24,-27,-5,-16,-19,-11,-14,-3,97,92,108,84,111
493,Black,-8,-13,-24,-28,-5,-16,-20,-11,-15,-4,97,92,108,84,112
494,Black,-8,-13,-24,-29,-5,-16,-21,-11,-16,-5,97,92,108,84,113
495,Green,-8,-14,-24,-29,-6,-16,-21,-10,-15,-5,98,92,108,84,113
496,Blue,-9,-14,-24,-29,-5,-15,-20,-10,-15,-5,98,93,108,84,113
497,Blue,-10,-14,-24,-29,-4,-14,-19,-10,-15,-5,98,94,108,84,113
498,Blue,-11,-14,-24,-29,-3,-13,-18,-10,-15,-5,98,95,108,84,113
499,Blue,-12,-14,-24,-29,-2,-12,-17,-10,-15,-5,98,96,108,84,113
500,Yellow,-12,-14,-25,-29,-2,-13,-17,-11,-15,-4,98,96,109,84,113
501,Green,-12,-15,-25,-29,-3,-13,-17,-10,-14,-4,99,96,109,84,113
502,Black,-12,-15,-25,-30,-3,-13,-18,-10,-15,-5,99,96,109,84,114
503,Blue,-13,-15,-25,-30,-2,-12,-17,-10,-15,-5,99,97,109,84,114
504,Red,-12,-14,-24,-29,-2,-12,-17,-10,-15,-5,99,97,109,85,114
505,Yellow,-12,-14,-25,-29,-2,-13,-17,-11,-15,-4,99,97,110,85,114
506,Black,-12,-14,-25,-30,-2,-13,-18,-11,-16,-5,99,97,110,85,115
507,Black,-12,-14,-25,-31,-2,-13,-19,-11,-17,-6,99,97,110,85,116
508,Blue,-13,-14,-25,-31,-1,-12,-18,-11,-17,-6,99,98,110,85,116
509,Red,-12,-13,-24,-30,-1,-12,-18,-11,-17,-6,99,98,110,86,116
510,Blue,-13,-13,-24,-30,0,-11,-17,-11,-17,-6,99,99,110,86,116
511,Black,-13,-13,-24,-31,0,-11,-18,-11,-18,-7,99,99,110,86,117
512,Red,-12,-12,-23,-30,0,-11,-18,-11,-18,-7,99,99,110,87,117
513,Green,-12,-13,-23,-30,-1,-11,-18,-10,-17,-7,100,99,110,87,117
514,Black,-12,-13,-23,-31,-1,-11,-19,-10,-18,-8,100,99,110,87,118
515,Red,-11,-12,-22,-30,-1,-11,-19,-10,-18,-8,100,99,110,88,118
516,Green,-11,-13,-22,-30,-2,-11,-19,-9,-17,-8,101,99,110,88,118
517,Blue,-12,-13,-22,-30,-1,-10,-18,-9,-17,-8,101,100,110,88,118
518,Green,-12,-14,-22,-30,-2,-10,-18,-8,-16,-8,102,100,110,88,118
519,Blue,-13,-14,-22,-30,-1,-9,-17,-8,-16,-8,102,101,110,88,118
520,Green,-13,-15,-22,-30,-2,-9,-17,-7,-15,-8,103,101,110,88,118
521,Blue,-14,-15,-22,-30,-1,-8,-16,-7,-15,-8,103,102,110,88,118
522,Green,-14,-16,-22,-30,-2,-8,-16,-6,-14,-8,104,102,110,88,118
523,Green,-14,-17,-22,-30,-3,-8,-16,-5,-13,-8,105,102,110,88,118
524,Yellow,-14,-17,-23,-30,-3,-9,-16,-6,-13,-7,105,102,111,88,118
525,Green,-14,-18,-23,-30,-4,-9,-16,-5,-12,-7,106,102,111,88,118
526,Black,-14,-18,-23,-31,-4,-9,-17,-5,-13,-8,106,102,111,88,119
527,Red,-13,-17,-22,-30,-4,-9,-17,-5,-13,-8,106,102,111,89,119
528,Green,-13,-18,-22,-30,-5,-9,-17,-4,-12,-8,107,102,111,89,119
529,Green,-13,-19,-22,-30,-6,-9,-17,-3,-11,-8,108,102,111,89,119
530,Blue,-14,-19,-22,-30,-5,-8,-16,-3,-11,-8,108,103,111,89,119
531,Yellow,-14,-19,-23,-30,-5,-9,-16,-4,-11,-7,108,103,112,89,119
532,Blue,-15,-19,-23,-30,-4,-8,-15,-4,-11,-7,108,104,112,89,119
533,Black,-15,-19,-23,-31,-4,-8,-16,-4,-12,-8,108,104,112,89,120
534,Red,-14,-18,-22,-30,-4,-8,-16,-4,-12,-8,108,104,112,90,120
535,Black,-14,-18,-22,-31,-4,-8,-17,-4,-13,-9,108,104,112,90,121
536,Blue,-15,-18,-22,-31,-3,-7,-16,-4,-13,-9,108,105,112,90,121
537,Blue,-16,-18,-22,-31,-2,-6,-15,-4,-13,-9,108,106,112,90,121
538,Red,-15,-17,-21,-30,-2,-6,-15,-4,-13,-9,108,106,112,91,121
539,Red,-14,-16,-20,-29,-2,-6,-15,-4,-13,-9,108,106,112,92,121
540,Blue,-15,-16,-20,-29,-1,-5,-14,-4,-13,-9,108,107,112,92,121
541,Green,-15,-17,-20,-29,-2,-5,-14,-3,-12,-9,109,107,112,92,121
542,Red,-14,-16,-19,-28,-2,-5,-14,-3,-12,-9,109,107,112,93,121
543,Yellow,-14,-16,-20,-28,-2,-6,-14,-4,-12,-8,109,107,113,93,121
544,Blue,-15,-16,-20,-28,-1,-5,-13,-4,-12,-8,109,108,113,93,121
545,Black,-15,-16,-20,-29,-1,-5,-14,-4,-13,-9,109,108,113,93,122
546,Yellow,-15,-16,-21,-29,-1,-6,-14,-5,-13,-8,109,108,114,93,122
547,Black,-15,-16,-21,-30,-1,-6,-15,-5,-14,-9,109,108,114,93,123
548,Blue,-16,-16,-21,-30,0,-5,-14,-5,-14,-9,109,109,114,93,123
549,Black,-16,-16,-21,-31,0,-5,-15,-5,-15,-10,109,109,114,93,124
550,Black,-16,-16,-21,-32,0,-5,-16,-5,-16,-11,109,109,114,93,125
551,Red,-15,-15,-20,-31,0,-5,-16,-5,-16,-11,109,109,114,94,125
552,Blue,-16,-15,-20,-31,1,-4,-15,-5,-16,-11,109,110,114,94,125
553,Blue,-17,-15,-20,-31,2,-3,-14,-5,-16,-11,109,111,114,94,125
554,Yellow,-17,-15,-21,-31,2,-4,-14,-6,-16,-10,109,111,115,94,125
555,Yellow,-17,-15,-22,-31,2,-5,-14,-7,-16,-9,109,111,116,94,125
556,Blue,-18,-15,-22,-31,3,-4,-13,-7,-16,-9,109,112,116,94,125
557,Black,-18,-15,-22,-32,3,-4,-14,-7,-17,-10,109,112,116,94,126
558,Yellow,-18,-15,-23,-32,3,-5,-14,-8,-17,-9,109,112,117,94,126
559,Blue,-19,-15,-23,-32,4,-4,-13,-8,-17,-9,109,113,117,94,126
560,Black,-19,-15,-23,-33,4,-4,-14,-8,-18,-10,109,113,117,94,127
561,Green,-19,-16,-23,-33,3,-4,-14,-7,-17,-10,110,113,117,94,127
562,Green,-19,-17,-23,-33,2,-4,-14,-6,-16,-10,111,113,117,94,127
563,Red,-18,-16,-22,-32,2,-4,-14,-6,-16,-10,111,113,117,95,127
564,Blue,-19,-16,-22,-32,3,-3,-13,-6,-16,-10,111,114,117,95,127
565,Blue,-20,-16,-22,-32,4,-2,-12,-6,-16,-10,111,115,117,95,127
566,Blue,-21,-16,-22,-32,5,-1,-11,-6,-16,-10,111,116,117,95,127
567,Yellow,-21,-16,-23,-32,5,-2,-11,-7,-16,-9,111,116,118,95,127
568,Green,-21,-17,-23,-32,4,-2,-11,-6,-15,-9,112,116,118,95,127
569,Yellow,-21,-17,-24,-32,4,-3,-11,-7,-15,-8,112,116,119,95,127
570,Yellow,-21,-17,-25,-32,4,-4,-11,-8,-15,-7,112,116,120,95,127
571,Red,-20,-16,-24,-31,4,-4,-11,-8,-15,-7,112,116,120,96,127
572,Green,-20,-17,-24,-31,3,-4,-11,-7,-14,-7,113,116,120,96,127
573,Red,-19,-16,-23,-30,3,-4,-11,-7,-14,-7,113,116,120,97,127
574,Blue,-20,-16,-23,-30,4,-3,-10,-7,-14,-7,113,117,120,97,127
575,Blue,-21,-16,-23,-30,5,-2,-9,-7,-14,-7,113,118,120,97,127
576,Green,-21,-17,-23,-30,4,-2,-9,-6,-13,-7,114,118,120,97,127
577,Yellow,-21,-17,-24,-30,4,-3,-9,-7,-13,-6,114,118,121,97,127
578,Blue,-22,-17,-24,-30,5,-2,-8,-7,-13,-6,114,119,121,97,127
579,Green,-22,-18,-24,-30,4,-2,-8,-6,-12,-6,115,119,121,97,127
580,Blue,-23,-18,-24,-30,5,-1,-7,-6,-12,-6,115,120,121,97,127
581,Black,-23,-18,-24,-31,5,-1,-8,-6,-13,-7,115,120,121,97,128
582,Black,-23,-18,-24,-32,5,-1,-9,-6,-14,-8,115,120,121,97,129
583,Blue,-24,-18,-24,-32,6,0,-8,-6,-14,-8,115,121,121,97,129
584,Red,-23,-17,-23,-31,6,0,-8,-6,-14,-8,115,121,121,98,129
585,Green,-23,-18,-23,-31,5,0,-8,-5,-13,-8,116,121,121,98,129
586,Red,-22,-17,-22,-30,5,0,-8,-5,-13,-8,116,121,121,99,129
587,Red,-21,-16,-21,-29,5,0,-8,-5,-13,-8,116,121,121,100,129
588,Red,-20,-15,-20,-28,5,0,-8,-5,-13,-8,116,121,121,101,129
589,Red,-19,-14,-19,-27,5,0,-8,-5,-13,-8,116,121,121,102,129
590,Green,-19,-15,-19,-27,4,0,-8,-4,-12,-8,117,121,121,102,129
591,Green,-19,-16,-19,-27,3,0,-8,-3,-11,-8,118,121,121,102,129
592,Yellow,-19,-16,-20,-27,3,-1,-8,-4,-11,-7,118,121,122,102,129
593,Black,-19,-16,-20,-28,3,-1,-9,-4,-12,-8,118,121,122,102,130
594,Black,-19,-16,-20,-29,3,-1,-10,-4,-13,-9,118,121,122,102,131
595,Red,-18,-15,-19,-28,3,-1,-10,-4,-13,-9,118,121,122,103,131
596,Green,-18,-16,-19,-28,2,-1,-10,-3,-12,-9,119,121,122,103,131
597,Blue,-19,-16,-19,-28,3,0,-9,-3,-12,-9,119,122,122,103,131
598,Yellow,-19,-16,-20,-28,3,-1,-9,-4,-12,-8,119,122,123,103,131
599,Yellow,-19,-16,-21,-28,3,-2,-9,-5,-12,-7,119,122,124,103,131
600,Green,-19,-17,-21,-28,2,-2,-9,-4,-11,-7,120,122,124,103,131
601,Red,-18,-16,-20,-27,2,-2,-9,-4,-11,-7,120,122,124,104,131
602,Black,-18,-16,-20,-28,2,-2,-10,-4,-12,-8,120,122,124,104,132
603,Red,-17,-15,-19,-27,2,-2,-10,-4,-12,-8,120,122,124,105,132
604,Yellow,-17,-15,-20,-27,2,-3,-10,-5,-12,-7,120,122,125,105,132
605,Green,-17,-16,-20,-27,1,-3,-10,-4,-11,-7,121,122,125,105,132
606,Red,-16,-15,-19,-26,1,-3,-10,-4,-11,-7,121,122,125,106,132
607,Yellow,-16,-15,-20,-26,1,-4,-10,-5,-11,-6,121,122,126,106,132
608,Blue,-17,-15,-20,-26,2,-3,-9,-5,-11,-6,121,123,126,106,132
609,Blue,-18,-15,-20,-26,3,-2,-8,-5,-11,-6,121,124,126,106,132
610,Yellow,-18,-15,-21,-26,3,-3,-8,-6,-11,-5,121,124,127,106,132
611,Red,-17,-14,-20,-25,3,-3,-8,-6,-11,-5,121,124,127,107,132
612,Yellow,-17,-14,-21,-25,3,-4,-8,-7,-11,-4,121,124,128,107,132
613,Yellow,-17,-14,-22,-25,3,-5,-8,-8,-11,-3,121,124,129,107,132
614,Blue,-18,-14,-22,-25,4,-4,-7,-8,-11,-3,121,125,129,107,132
615,Red,-17,-13,-21,-24,4,-4,-7,-8,-11,-3,121,125,129,108,132
616,Green,-17,-14,-21,-24,3,-4,-7,-7,-10,-3,122,125,129,108,132
617,Red,-16,-13,-20,-23,3,-4,-7,-7,-10,-3,122,125,129,109,132
618,Blue,-17,-13,-20,-23,4,-3,-6,-7,-10,-3,122,126,129,109,132
619,Black,-17,-13,-20,-24,4,-3,-7,-7,-11,-4,122,126,129,109,133
620,Black,-17,-13,-20,-25,4,-3,-8,-7,-12,-5,122,126,129,109,134
621,Blue,-18,-13,-20,-25,5,-2,-7,-7,-12,-5,122,127,129,109,134
622,Yellow,-18,-13,-21,-25,5,-3,-7,-8,-12,-4,122,127,130,109,134
623,Blue,-19,-13,-21,-25,6,-2,-6,-8,-12,-4,122,128,130,109,134
624,Blue,-20,-13,-21,-25,7,-1,-5,-8,-12,-4,122,129,130,109,134
625,Black,-20,-13,-21,-26,7,-1,-6,-8,-13,-5,122,129,130,109,135
626,Green,-20,-14,-21,-26,6,-1,-6,-7,-12,-5,123,129,130,109,135
627,Yellow,-20,-14,-22,-26,6,-2,-6,-8,-12,-4,123,129,131,109,135
628,Green,-20,-15,-22,-26,5,-2,-6,-7,-11,-4,124,129,131,109,135
629,Red,-19,-14,-21,-25,5,-2,-6,-7,-11,-4,124,129,131,110,135
630,Yellow,-19,-14,-22,-25,5,-3,-6,-8,-11,-3,124,129,132,110,135
631,Red,-18,-13,-21,-24,5,-3,-6,-8,-11,-3,124,129,132,111,135
632,Green,-18,-14,-21,-24,4,-3,-6,-7,-10,-3,125,129,132,111,135
633,Green,-18,-15,-21,-24,3,-3,-6,-6,-9,-3,126,129,132,111,135
634,Yellow,-18,-15,-22,-24,3,-4,-6,-7,-9,-2,126,129,133,111,135
635,Black,-18,-15,-22,-25,3,-4,-7,-7,-10,-3,126,129,133,111,136
636,Black,-18,-15,-22,-26,3,-4,-8,-7,-11,-4,126,129,133,111,137
637,Red,-17,-14,-21,-25,3,-4,-8,-7,-11,-4,126,129,133,112,137
638,Black,-17,-14,-21,-26,3,-4,-9,-7,-12,-5,126,129,133,112,138
639,Blue,-18,-14,-21,-26,4,-3,-8,-7,-12,-5,126,130,133,112,138
640,Green,-18,-15,-21,-26,3,-3,-8,-6,-11,-5,127,130,133,112,138
641,Green,-18,-16,-21,-26,2,-3,-8,-5,-10,-5,128,130,133,112,138
642,Black,-18,-16,-21,-27,2,-3,-9,-5,-11,-6,128,130,133,112,139
643,Blue,-19,-16,-21,-27,3,-2,-8,-5,-11,-6,128,131,133,112,139
644,Green,-19,-17,-21,-27,2,-2,-8,-4,-10,-6,129,131,133,112,139
645,Blue,-20,-17,-21,-27,3,-1,-7,-4,-10,-6,129,132,133,112,139
646,Blue,-21,-17,-21,-27,4,0,-6,-4,-10,-6,129,133,133,112,139
647,Red,-20,-16,-20,-26,4,0,-6,-4,-10,-6,129,133,133,113,139
648,Green,-20,-17,-20,-26,3,0,-6,-3,-9,-6,130,133,133,113,139
649,Red,-19,-16,-19,-25,3,0,-6,-3,-9,-6,130,133,133,114,139
650,Red,-18,-15,-18,-24,3,0,-6,-3,-9,-6,130,133,133,115,139
651,Red,-17,-14,-17,-23,3,0,-6,-3,-9,-6,130,133,133,116,139
652,Black,-17,-14,-17,-24,3,0,-7,-3,-10,-7,130,133,133,116,140
653,Red,-16,-13,-16,-23,3,0,-7,-3,-10,-7,130,133,133,117,140
654,Blue,-17,-13,-16,-23,4,1,-6,-3,-10,-7,130,134,133,117,140
655,Red,-16,-12,-15,-22,4,1,-6,-3,-10,-7,130,134,133,118,140
656,Red,-15,-11,-14,-21,4,1,-6,-3,-10,-7,130,134,133,119,140
657,Yellow,-15,-11,-15,-21,4,0,-6,-4,-10,-6,130,134,134,119,140
658,Green,-15,-12,-15,-21,3,0,-6,-3,-9,-6,131,134,134,119,140
659,Blue,-16,-12,-15,-21,4,1,-5,-3,-9,-6,131,135,134,119,140
660,Blue,-17,-12,-15,-21,5,2,-4,-3,-9,-6,131,136,134,119,140
661,Green,-17,-13,-15,-21,4,2,-4,-2,-8,-6,132,136,134,119,140
662,Green,-17,-14,-15,-21,3,2,-4,-1,-7,-6,133,136,134,119,140
663,Black,-17,-14,-15,-22,3,2,-5,-1,-8,-7,133,136,134,119,141
664,Red,-16,-13,-14,-21,3,2,-5,-1,-8,-7,133,136,134,120,141
665,Blue,-17,-13,-14,-21,4,3,-4,-1,-8,-7,133,137,134,120,141
666,Yellow,-17,-13,-15,-21,4,2,-4,-2,-8,-6,133,137,135,120,141
667,Green,-17,-14,-15,-21,3,2,-4,-1,-7,-6,134,137,135,120,141
668,Yellow,-17,-14,-16,-21,3,1,-4,-2,-7,-5,134,137,136,120,141
669,Red,-16,-13,-15,-20,3,1,-4,-2,-7,-5,134,137,136,121,141
670,Red,-15,-12,-14,-19,3,1,-4,-2,-7,-5,134,137,136,122,141
671,Red,-14,-11,-13,-18,3,1,-4,-2,-7,-5,134,137,136,123,141
672,Yellow,-14,-11,-14,-18,3,0,-4,-3,-7,-4,134,137,137,123,141
673,Yellow,-14,-11,-15,-18,3,-1,-4,-4,-7,-3,134,137,138,123,141
674,Blue,-15,-11,-15,-18,4,0,-3,-4,-7,-3,134,138,138,123,141
675,Yellow,-15,-11,-16,-18,4,-1,-3,-5,-7,-2,134,138,139,123,141
676,Black,-15,-11,-16,-19,4,-1,-4,-5,-8,-3,134,138,139,123,142
677,Black,-15,-11,-16,-20,4,-1,-5,-5,-9,-4,134,138,139,123,143
678,Red,-14,-10,-15,-19,4,-1,-5,-5,-9,-4,134,138,139,124,143
679,Red,-13,-9,-14,-18,4,-1,-5,-5,-9,-4,134,138,139,125,143
680,Blue,-14,-9,-14,-18,5,0,-4,-5,-9,-4,134,139,139,125,143
681,Blue,-15,-9,-14,-18,6,1,-3,-5,-9,-4,134,140,139,125,143
682,Blue,-16,-9,-14,-18,7,2,-2,-5,-9,-4,134,141,139,125,143
683,Blue,-17,-9,-14,-18,8,3,-1,-5,-9,-4,134,142,139,125,143
684,Green,-17,-10,-14,-18,7,3,-1,-4,-8,-4,135,142,139,125,143
685,Blue,-18,-10,-14,-18,8,4,0,-4,-8,-4,135,143,139,125,143
686,Red,-17,-9,-13,-17,8,4,0,-4,-8,-4,135,143,139,126,143
687,Red,-16,-8,-12,-16,8,4,0,-4,-8,-4,135,143,139,127,143
688,Black,-16,-8,-12,-17,8,4,-1,-4,-9,-5,135,143,139,127,144
689,Red,-15,-7,-11,-16,8,4,-1,-4,-9,-5,135,143,139,128,144
690,Red,-14,-6,-10,-15,8,4,-1,-4,-9,-5,135,143,139,129,144
691,Yellow,-14,-6,-11,-15,8,3,-1,-5,-9,-4,135,143,140,129,144
692,Black,-14,-6,-11,-16,8,3,-2,-5,-10,-5,135,143,140,129,145
693,Blue,-15,-6,-11,-16,9,4,-1,-5,-10,-5,135,144,140,129,145
694,Blue,-16,-6,-11,-16,10,5,0,-5,-10,-5,135,145,140,129,145
695,Black,-16,-6,-11,-17,10,5,-1,-5,-11,-6,135,145,140,129,146
696,Yellow,-16,-6,-12,-17,10,4,-1,-6,-11,-5,135,145,141,129,146
697,Green,-16,-7,-12,-17,9,4,-1,-5,-10,-5,136,145,141,129,146
698,Yellow,-16,-7,-13,-17,9,3,-1,-6,-10,-4,136,145,142,129,146
699,Red,-15,-6,-12,-16,9,3,-1,-6,-10,-4,136,145,142,130,146
700,Green,-15,-7,-12,-16,8,3,-1,-5,-9,-4,137,145,142,130,146
701,Yellow,-15,-7,-13,-16,8,2,-1,-6,-9,-3,137,145,143,130,146
702,Yellow,-15,-7,-14,-16,8,1,-1,-7,-9,-2,137,145,144,130,146
703,Blue,-16,-7,-14,-16,9,2,0,-7,-9,-2,137,146,144,130,146
704,Blue,-17,-7,-14,-16,10,3,1,-7,-9,-2,137,147,144,130,146
705,Blue,-18,-7,-14,-16,11,4,2,-7,-9,-2,137,148,144,130,146
706,Blue,-19,-7,-14,-16,12,5,3,-7,-9,-2,137,149,144,130,146
707,Black,-19,-7,-14,-17,12,5,2,-7,-10,-3,137,149,144,130,147
708,Green,-19,-8,-14,-17,11,5,2,-6,-9,-3,138,149,144,130,147
709,Blue,-20,-8,-14,-17,12,6,3,-6,-9,-3,138,150,144,130,147
710,Red,-19,-7,-13,-16,12,6,3,-6,-9,-3,138,150,144,131,147
711,Blue,-20,-7,-13,-16,13,7,4,-6,-9,-3,138,151,144,131,147
712,Red,-19,-6,-12,-15,13,7,4,-6,-9,-3,138,151,144,132,147
713,Red,-18,-5,-11,-14,13,7,4,-6,-9,-3,138,151,144,133,147
714,Blue,-19,-5,-11,-14,14,8,5,-6,-9,-3,138,152,144,133,147
715,Blue,-20,-5,-11,-14,15,9,6,-6,-9,-3,138,153,144,133,147
716,Green,-20,-6,-11,-14,14,9,6,-5,-8,-3,139,153,144,133,147
717,Black,-20,-6,-11,-15,14,9,5,-5,-9,-4,139,153,144,133,148
718,Blue,-21,-6,-11,-15,15,10,6,-5,-9,-4,139,154,144,133,148
719,Yellow,-21,-6,-12,-15,15,9,6,-6,-9,-3,139,154,145,133,148
720,Black,-21,-6,-12,-16,15,9,5,-6,-10,-4,139,154,145,133,149
721,Red,-20,-5,-11,-15,15,9,5,-6,-10,-4,139,154,145,134,149
722,Red,-19,-4,-10,-14,15,9,5,-6,-10,-4,139,154,145,135,149
723,Red,-18,-3,-9,-13,15,9,5,-6,-10,-4,139,154,145,136,149
724,Green,-18,-4,-9,-13,14,9,5,-5,-9,-4,140,154,145,136,149
725,Red,-17,-3,-8,-12,14,9,5,-5,-9,-4,140,154,145,137,149
726,Green,-17,-4,-8,-12,13,9,5,-4,-8,-4,141,154,145,137,149
727,Yellow,-17,-4,-9,-12,13,8,5,-5,-8,-3,141,154,146,137,149
728,Red,-16,-3,-8,-11,13,8,5,-5,-8,-3,141,154,146,138,149
729,Yellow,-16,-3,-9,-11,13,7,5,-6,-8,-2,141,154,147,138,149
730,Green,-16,-4,-9,-11,12,7,5,-5,-7,-2,142,154,147,138,149
731,Green,-16,-5,-9,-11,11,7,5,-4,-6,-2,143,154,147,138,149
732,Yellow,-16,-5,-10,-11,11,6,5,-5,-6,-1,143,154,148,138,149
733,Green,-16,-6,-10,-11,10,6,5,-4,-5,-1,144,154,148,138,149
734,Yellow,-16,-6,-11,-11,10,5,5,-5,-5,0,144,154,149,138,149
735,Green,-16,-7,-11,-11,9,5,5,-4,-4,0,145,154,149,138,149
736,Blue,-17,-7,-11,-11,10,6,6,-4,-4,0,145,155,149,138,149
737,Red,-16,-6,-10,-10,10,6,6,-4,-4,0,145,155,149,139,149
738,Green,-16,-7,-10,-10,9,6,6,-3,-3,0,146,155,149,139,149
739,Blue,-17,-7,-10,-10,10,7,7,-3,-3,0,146,156,149,139,149
740,Red,-16,-6,-9,-9,10,7,7,-3,-3,0,146,156,149,140,149
741,Green,-16,-7,-9,-9,9,7,7,-2,-2,0,147,156,149,140,149
742,Blue,-17,-7,-9,-9,10,8,8,-2,-2,0,147,157,149,140,149
743,Blue,-18,-7,-9,-9,11,9,9,-2,-2,0,147,158,149,140,149
744,Blue,-19,-7,-9,-9,12,10,10,-2,-2,0,147,159,149,140,149
745,Yellow,-19,-7,-10,-9,12,9,10,-3,-2,1,147,159,150,140,149
746,Yellow,-19,-7,-11,-9,12,8,10,-4,-2,2,147,159,151,140,149
747,Yellow,-19,-7,-12,-9,12,7,10,-5,-2,3,147,159,152,140,149
748,Green,-19,-8,-12,-9,11,7,10,-4,-1,3,148,159,152,140,149
749,Green,-19,-9,-12,-9,10,7,10,-3,0,3,149,159,152,140,149
750,Yellow,-19,-9,-13,-9,10,6,10,-4,0,4,149,159,153,140,149
751,Green,-19,-10,-13,-9,9,6,10,-3,1,4,150,159,153,140,149
752,Black,-19,-10,-13,-10,9,6,9,-3,0,3,150,159,153,140,150
753,Blue,-20,-10,-13,-10,10,7,10,-3,0,3,150,160,153,140,150
754,Black,-20,-10,-13,-11,10,7,9,-3,-1,2,150,160,153,140,151
755,Green,-20,-11,-13,-11,9,7,9,-2,0,2,151,160,153,140,151
756,Red,-19,-10,-12,-10,9,7,9,-2,0,2,151,160,153,141,151
757,Green,-19,-11,-12,-10,8,7,9,-1,1,2,152,160,153,141,151
758,Green,-19,-12,-12,-10,7,7,9,0,2,2,153,160,153,141,151
759,Green,-19,-13,-12,-10,6,7,9,1,3,2,154,160,153,141,151
760,Black,-19,-13,-12,-11,6,7,8,1,2,1,154,160,153,141,152
761,Green,-19,-14,-12,-11,5,7,8,2,3,1,155,160,153,141,152
762,Blue,-20,-14,-12,-11,6,8,9,2,3,1,155,161,153,141,152
763,Green,-20,-15,-12,-11,5,8,9,3,4,1,156,161,153,141,152
764,Blue,-21,-15,-12,-11,6,9,10,3,4,1,156,162,153,141,152
765,Black,-21,-15,-12,-12,6,9,9,3,3,0,156,162,153,141,153
766,Blue,-22,-15,-12,-12,7,10,10,3,3,0,156,163,153,141,153
767,Blue,-23,-15,-12,-12,8,11,11,3,3,0,156,164,153,141,153
768,Red,-22,-14,-11,-11,8,11,11,3,3,0,156,164,153,142,153
769,Red,-21,-13,-10,-10,8,11,11,3,3,0,156,164,153,143,153
770,Red,-20,-12,-9,-9,8,11,11,3,3,0,156,164,153,144,153
771,Black,-20,-12,-9,-10,8,11,10,3,2,-1,156,164,153,144,154
772,Black,-20,-12,-9,-11,8,11,9,3,1,-2,156,164,153,144,155
773,Red,-19,-11,-8,-10,8,11,9,3,1,-2,156,164,153,145,155
774,Blue,-20,-11,-8,-10,9,12,10,3,1,-2,156,165,153,145,155
775,Black,-20,-11,-8,-11,9,12,9,3,0,-3,156,165,153,145,156
776,Black,-20,-11,-8,-12,9,12,8,3,-1,-4,156,165,153,145,157
777,Yellow,-20,-11,-9,-12,9,11,8,2,-1,-3,156,165,154,145,157
778,Yellow,-20,-11,-10,-12,9,10,8,1,-1,-2,156,165,155,145,157
779,Black,-20,-11,-10,-13,9,10,7,1,-2,-3,156,165,155,145,158
780,Green,-20,-12,-10,-13,8,10,7,2,-1,-3,157,165,155,145,158
781,Black,-20,-12,-10,-14,8,10,6,2,-2,-4,157,165,155,145,159
782,Red,-19,-11,-9,-13,8,10,6,2,-2,-4,157,165,155,146,159
783,Yellow,-19,-11,-10,-13,8,9,6,1,-2,-3,157,165,156,146,159
784,Black,-19,-11,-10,-14,8,9,5,1,-3,-4,157,165,156,146,160
785,Yellow,-19,-11,-11,-14,8,8,5,0,-3,-3,157,165,157,146,160
786,Black,-19,-11,-11,-15,8,8,4,0,-4,-4,157,165,157,146,161
787,Blue,-20,-11,-11,-15,9,9,5,0,-4,-4,157,166,157,146,161
788,Yellow,-20,-11,-12,-15,9,8,5,-1,-4,-3,157,166,158,146,161
789,Blue,-21,-11,-12,-15,10,9,6,-1,-4,-3,157,167,158,146,161
790,Blue,-22,-11,-12,-15,11,10,7,-1,-4,-3,157,168,158,146,161
791,Red,-21,-10,-11,-14,11,10,7,-1,-4,-3,157,168,158,147,161
792,Blue,-22,-10,-11,-14,12,11,8,-1,-4,-3,157,169,158,147,161
793,Yellow,-22,-10,-12,-14,12,10,8,-2,-4,-2,157,169,159,147,161
794,Red,-21,-9,-11,-13,12,10,8,-2,-4,-2,157,169,159,148,161
795,Red,-20,-8,-10,-12,12,10,8,-2,-4,-2,157,169,159,149,161
796,Blue,-21,-8,-10,-12,13,11,9,-2,-4,-2,157,170,159,149,161
797,Red,-20,-7,-9,-11,13,11,9,-2,-4,-2,157,170,159,150,161
798,Black,-20,-7,-9,-12,13,11,8,-2,-5,-3,157,170,159,150,162
799,Red,-19,-6,-8,-11,13,11,8,-2,-5,-3,157,170,159,151,162
800,Blue,-20,-6,-8,-11,14,12,9,-2,-5,-3,157,171,159,151,162
801,Yellow,-20,-6,-9,-11,14,11,9,-3,-5,-2,157,171,160,151,162
802,Green,-20,-7,-9,-11,13,11,9,-2,-4,-2,158,171,160,151,162
803,Yellow,-20,-7,-10,-11,13,10,9,-3,-4,-1,158,171,161,151,162
804,Yellow,-20,-7,-11,-11,13,9,9,-4,-4,0,158,171,162,151,162
805,Red,-19,-6,-10,-10,13,9,9,-4,-4,0,158,171,162,152,162
806,Red,-18,-5,-9,-9,13,9,9,-4,-4,0,158,171,162,153,162
807,Black,-18,-5,-9,-10,13,9,8,-4,-5,-1,158,171,162,153,163
808,Blue,-19,-5,-9,-10,14,10,9,-4,-5,-1,158,172,162,153,163
809,Yellow,-19,-5,-10,-10,14,9,9,-5,-5,0,158,172,163,153,163
810,Black,-19,-5,-10,-11,14,9,8,-5,-6,-1,158,172,163,153,164
811,Green,-19,-6,-10,-11,13,9,8,-4,-5,-1,159,172,163,153,164
812,Yellow,-19,-6,-11,-11,13,8,8,-5,-5,0,159,172,164,153,164
813,Red,-18,-5,-10,-10,13,8,8,-5,-5,0,159,172,164,154,164
814,Black,-18,-5,-10,-11,13,8,7,-5,-6,-1,159,172,164,154,165
815,Green,-18,-6,-10,-11,12,8,7,-4,-5,-1,160,172,164,154,165
816,Yellow,-18,-6,-11,-11,12,7,7,-5,-5,0,160,172,165,154,165
817,Blue,-19,-6,-11,-11,13,8,8,-5,-5,0,160,173,165,154,165
818,Black,-19,-6,-11,-12,13,8,7,-5,-6,-1,160,173,165,154,166
819,Green,-19,-7,-11,-12,12,8,7,-4,-5,-1,161,173,165,154,166
820,Red,-18,-6,-10,-11,12,8,7,-4,-5,-1,161,173,165,155,166
821,Green,-18,-7,-10,-11,11,8,7,-3,-4,-1,162,173,165,155,166
822,Blue,-19,-7,-10,-11,12,9,8,-3,-4,-1,162,174,165,155,166
823,Black,-19,-7,-10,-12,12,9,7,-3,-5,-2,162,174,165,155,167
824,Green,-19,-8,-10,-12,11,9,7,-2,-4,-2,163,174,165,155,167
825,Blue,-20,-8,-10,-12,12,10,8,-2,-4,-2,163,175,165,155,167
826,Yellow,-20,-8,-11,-12,12,9,8,-3,-4,-1,163,175,166,155,167
827,Yellow,-20,-8,-12,-12,12,8,8,-4,-4,0,163,175,167,155,167
828,Red,-19,-7,-11,-11,12,8,8,-4,-4,0,163,175,167,156,167
829,Green,-19,-8,-11,-11,11,8,8,-3,-3,0,164,175,167,156,167
830,Black,-19,-8,-11,-12,11,8,7,-3,-4,-1,164,175,167,156,168
831,Yellow,-19,-8,-12,-12,11,7,7,-4,-4,0,164,175,168,156,168
832,Red,-18,-7,-11,-11,11,7,7,-4,-4,0,164,175,168,157,168
833,Yellow,-18,-7,-12,-11,11,6,7,-5,-4,1,164,175,169,157,168
834,Black,-18,-7,-12,-12,11,6,6,-5,-5,0,164,175,169,157,169
835,Yellow,-18,-7,-13,-12,11,5,6,-6,-5,1,164,175,170,157,169
836,Green,-18,-8,-13,-12,10,5,6,-5,-4,1,165,175,170,157,169
837,Yellow,-18,-8,-14,-12,10,4,6,-6,-4,2,165,175,171,157,169
838,Green,-18,-9,-14,-12,9,4,6,-5,-3,2,166,175,171,157,169
839,Yellow,-18,-9,-15,-12,9,3,6,-6,-3,3,166,175,172,157,169
840,Green,-18,-10,-15,-12,8,3,6,-5,-2,3,167,175,172,157,169
841,Blue,-19,-10,-15,-12,9,4,7,-5,-2,3,167,176,172,157,169
842,Yellow,-19,-10,-16,-12,9,3,7,-6,-2,4,167,176,173,157,169
843,Blue,-20,-10,-16,-12,10,4,8,-6,-2,4,167,177,173,157,169
844,Black,-20,-10,-16,-13,10,4,7,-6,-3,3,167,177,173,157,170
845,Red,-19,-9,-15,-12,10,4,7,-6,-3,3,167,177,173,158,170
846,Black,-19,-9,-15,-13,10,4,6,-6,-4,2,167,177,173,158,171
847,Blue,-20,-9,-15,-13,11,5,7,-6,-4,2,167,178,173,158,171
848,Blue,-21,-9,-15,-13,12,6,8,-6,-4,2,167,179,173,158,171
849,Yellow,-21,-9,-16,-13,12,5,8,-7,-4,3,167,179,174,158,171
850,Yellow,-21,-9,-17,-13,12,4,8,-8,-4,4,167,179,175,158,171
851,Blue,-22,-9,-17,-13,13,5,9,-8,-4,4,167,180,175,158,171
852,Blue,-23,-9,-17,-13,14,6,10,-8,-4,4,167,181,175,158,171
853,Blue,-24,-9,-17,-13,15,7,11,-8,-4,4,167,182,175,158,171
854,Blue,-25,-9,-17,-13,16,8,12,-8,-4,4,167,183,175,158,171
855,Yellow,-25,-9,-18,-13,16,7,12,-9,-4,5,167,183,176,158,171
856,Blue,-26,-9,-18,-13,17,8,13,-9,-4,5,167,184,176,158,171
857,Black,-26,-9,-18,-14,17,8,12,-9,-5,4,167,184,176,158,172
858,Black,-26,-9,-18,-15,17,8,11,-9,-6,3,167,184,176,158,173
859,Green,-26,-10,-18,-15,16,8,11,-8,-5,3,168,184,176,158,173
860,Blue,-27,-10,-18,-15,17,9,12,-8,-5,3,168,185,176,158,173
861,Green,-27,-11,-18,-15,16,9,12,-7,-4,3,169,185,176,158,173
862,Black,-27,-11,-18,-16,16,9,11,-7,-5,2,169,185,176,158,174
863,Blue,-28,-11,-18,-16,17,10,12,-7,-5,2,169,186,176,158,174
864,Red,-27,-10,-17,-15,17,10,12,-7,-5,2,169,186,176,159,174
865,Red,-26,-9,-16,-14,17,10,12,-7,-5,2,169,186,176,160,174
866,Black,-26,-9,-16,-15,17,10,11,-7,-6,1,169,186,176,160,175
867,Red,-25,-8,-15,-14,17,10,11,-7,-6,1,169,186,176,161,175
868,Red,-24,-7,-14,-13,17,10,11,-7,-6,1,169,186,176,162,175
869,Blue,-25,-7,-14,-13,18,11,12,-7,-6,1,169,187,176,162,175
870,Red,-24,-6,-13,-12,18,11,12,-7,-6,1,169,187,176,163,175
871,Green,-24,-7,-13,-12,17,11,12,-6,-5,1,170,187,176,163,175
872,Black,-24,-7,-13,-13,17,11,11,-6,-6,0,170,187,176,163,176
873,Black,-24,-7,-13,-14,17,11,10,-6,-7,-1,170,187,176,163,177
874,Black,-24,-7,-13,-15,17,11,9,-6,-8,-2,170,187,176,163,178
875,Blue,-25,-7,-13,-15,18,12,10,-6,-8,-2,170,188,176,163,178
876,Blue,-26,-7,-13,-15,19,13,11,-6,-8,-2,170,189,176,163,178
877,Black,-26,-7,-13,-16,19,13,10,-6,-9,-3,170,189,176,163,179
878,Red,-25,-6,-12,-15,19,13,10,-6,-9,-3,170,189,176,164,179
879,Green,-25,-7,-12,-15,18,13,10,-5,-8,-3,171,189,176,164,179
880,Red,-24,-6,-11,-14,18,13,10,-5,-8,-3,171,189,176,165,179
881,Blue,-25,-6,-11,-14,19,14,11,-5,-8,-3,171,190,176,165,179
882,Green,-25,-7,-11,-14,18,14,11,-4,-7,-3,172,190,176,165,179
883,Blue,-26,-7,-11,-14,19,15,12,-4,-7,-3,172,191,176,165,179
884,Blue,-27,-7,-11,-14,20,16,13,-4,-7,-3,172,192,176,165,179
885,Red,-26,-6,-10,-13,20,16,13,-4,-7,-3,172,192,176,166,179
886,Yellow,-26,-6,-11,-13,20,15,13,-5,-7,-2,172,192,177,166,179
887,Green,-26,-7,-11,-13,19,15,13,-4,-6,-2,173,192,177,166,179
888,Yellow,-26,-7,-12,-13,19,14,13,-5,-6,-1,173,192,178,166,179
889,Red,-25,-6,-11,-12,19,14,13,-5,-6,-1,173,192,178,167,179
890,Black,-25,-6,-11,-13,19,14,12,-5,-7,-2,173,192,178,167,180
891,Red,-24,-5,-10,-12,19,14,12,-5,-7,-2,173,192,178,168,180
892,Black,-24,-5,-10,-13,19,14,11,-5,-8,-3,173,192,178,168,181
893,Yellow,-24,-5,-11,-13,19,13,11,-6,-8,-2,173,192,179,168,181
894,Red,-23,-4,-10,-12,19,13,11,-6,-8,-2,173,192,179,169,181
895,Black,-23,-4,-10,-13,19,13,10,-6,-9,-3,173,192,179,169,182
896,Blue,-24,-4,-10,-13,20,14,11,-6,-9,-3,173,193,179,169,182
897,Green,-24,-5,-10,-13,19,14,11,-5,-8,-3,174,193,179,169,182
898,Green,-24,-6,-10,-13,18,14,11,-4,-7,-3,175,193,179,169,182
899,Red,-23,-5,-9,-12,18,14,11,-4,-7,-3,175,193,179,170,182
900,Green,-23,-6,-9,-12,17,14,11,-3,-6,-3,176,193,179,170,182
901,Green,-23,-7,-9,-12,16,14,11,-2,-5,-3,177,193,179,170,182
902,Black,-23,-7,-9,-13,16,14,10,-2,-6,-4,177,193,179,170,183
903,Blue,-24,-7,-9,-13,17,15,11,-2,-6,-4,177,194,179,170,183
904,Green,-24,-8,-9,-13,16,15,11,-1,-5,-4,178,194,179,170,183
905,Yellow,-24,-8,-10,-13,16,14,11,-2,-5,-3,178,194,180,170,183
906,Yellow,-24,-8,-11,-13,16,13,11,-3,-5,-2,178,194,181,170,183
907,Red,-23,-7,-10,-12,16,13,11,-3,-5,-2,178,194,181,171,183
908,Red,-22,-6,-9,-11,16,13,11,-3,-5,-2,178,194,181,172,183
909,Blue,-23,-6,-9,-11,17,14,12,-3,-5,-2,178,195,181,172,183
910,Red,-22,-5,-8,-10,17,14,12,-3,-5,-2,178,195,181,173,183
911,Yellow,-22,-5,-9,-10,17,13,12,-4,-5,-1,178,195,182,173,183
912,Black,-22,-5,-9,-11,17,13,11,-4,-6,-2,178,195,182,173,184
913,Red,-21,-4,-8,-10,17,13,11,-4,-6,-2,178,195,182,174,184
914,Black,-21,-4,-8,-11,17,13,10,-4,-7,-3,178,195,182,174,185
915,Green,-21,-5,-8,-11,16,13,10,-3,-6,-3,179,195,182,174,185
916,Black,-21,-5,-8,-12,16,13,9,-3,-7,-4,179,195,182,174,186
917,Red,-20,-4,-7,-11,16,13,9,-3,-7,-4,179,195,182,175,186
918,Blue,-21,-4,-7,-11,17,14,10,-3,-7,-4,179,196,182,175,186
919,Black,-21,-4,-7,-12,17,14,9,-3,-8,-5,179,196,182,175,187
920,Black,-21,-4,-7,-13,17,14,8,-3,-9,-6,179,196,182,175,188
921,Green,-21,-5,-7,-13,16,14,8,-2,-8,-6,180,196,182,175,188
922,Red,-20,-4,-6,-12,16,14,8,-2,-8,-6,180,196,182,176,188
923,Green,-20,-5,-6,-12,15,14,8,-1,-7,-6,181,196,182,176,188
924,Blue,-21,-5,-6,-12,16,15,9,-1,-7,-6,181,197,182,176,188
925,Green,-21,-6,-6,-12,15,15,9,0,-6,-6,182,197,182,176,188
926,Black,-21,-6,-6,-13,15,15,8,0,-7,-7,182,197,182,176,189
927,Yellow,-21,-6,-7,-13,15,14,8,-1,-7,-6,182,197,183,176,189
928,Yellow,-21,-6,-8,-13,15,13,8,-2,-7,-5,182,197,184,176,189
929,Red,-20,-5,-7,-12,15,13,8,-2,-7,-5,182,197,184,177,189
930,Green,-20,-6,-7,-12,14,13,8,-1,-6,-5,183,197,184,177,189
931,Blue,-21,-6,-7,-12,15,14,9,-1,-6,-5,183,198,184,177,189
932,Green,-21,-7,-7,-12,14,14,9,0,-5,-5,184,198,184,177,189
933,Green,-21,-8,-7,-12,13,14,9,1,-4,-5,185,198,184,177,189
934,Blue,-22,-8,-7,-12,14,15,10,1,-4,-5,185,199,184,177,189
935,Red,-21,-7,-6,-11,14,15,10,1,-4,-5,185,199,184,178,189
936,Green,-21,-8,-6,-11,13,15,10,2,-3,-5,186,199,184,178,189
937,Blue,-22,-8,-6,-11,14,16,11,2,-3,-5,186,200,184,178,189
938,Yellow,-22,-8,-7,-11,14,15,11,1,-3,-4,186,200,185,178,189
939,Blue,-23,-8,-7,-11,15,16,12,1,-3,-4,186,201,185,178,189
940,Black,-23,-8,-7,-12,15,16,11,1,-4,-5,186,201,185,178,190
941,Black,-23,-8,-7,-13,15,16,10,1,-5,-6,186,201,185,178,191
942,Black,-23,-8,-7,-14,15,16,9,1,-6,-7,186,201,185,178,192
943,Red,-22,-7,-6,-13,15,16,9,1,-6,-7,186,201,185,179,192
944,Blue,-23,-7,-6,-13,16,17,10,1,-6,-7,186,202,185,179,192
945,Green,-23,-8,-6,-13,15,17,10,2,-5,-7,187,202,185,179,192
946,Green,-23,-9,-6,-13,14,17,10,3,-4,-7,188,202,185,179,192
947,Red,-22,-8,-5,-12,14,17,10,3,-4,-7,188,202,185,180,192
948,Yellow,-22,-8,-6,-12,14,16,10,2,-4,-6,188,202,186,180,192
949,Yellow,-22,-8,-7,-12,14,15,10,1,-4,-5,188,202,187,180,192
950,Green,-22,-9,-7,-12,13,15,10,2,-3,-5,189,202,187,180,192
951,Blue,-23,-9,-7,-12,14,16,11,2,-3,-5,189,203,187,180,192
952,Yellow,-23,-9,-8,-12,14,15,11,1,-3,-4,189,203,188,180,192
953,Yellow,-23,-9,-9,-12,14,14,11,0,-3,-3,189,203,189,180,192
954,Blue,-24,-9,-9,-12,15,15,12,0,-3,-3,189,204,189,180,192
955,Blue,-25,-9,-9,-12,16,16,13,0,-3,-3,189,205,189,180,192
956,Yellow,-25,-9,-10,-12,16,15,13,-1,-3,-2,189,205,190,180,192
957,Green,-25,-10,-10,-12,15,15,13,0,-2,-2,190,205,190,180,192
958,Green,-25,-11,-10,-12,14,15,13,1,-1,-2,191,205,190,180,192
959,Blue,-26,-11,-10,-12,15,16,14,1,-1,-2,191,206,190,180,192
960,Black,-26,-11,-10,-13,15,16,13,1,-2,-3,191,206,190,180,193
961,Green,-26,-12,-10,-13,14,16,13,2,-1,-3,192,206,190,180,193
962,Yellow,-26,-12,-11,-13,14,15,13,1,-1,-2,192,206,191,180,193
963,Green,-26,-13,-11,-13,13,15,13,2,0,-2,193,206,191,180,193
964,Blue,-27,-13,-11,-13,14,16,14,2,0,-2,193,207,191,180,193
965,Green,-27,-14,-11,-13,13,16,14,3,1,-2,194,207,191,180,193
966,Yellow,-27,-14,-12,-13,13,15,14,2,1,-1,194,207,192,180,193
967,Black,-27,-14,-12,-14,13,15,13,2,0,-2,194,207,192,180,194
968,Blue,-28,-14,-12,-14,14,16,14,2,0,-2,194,208,192,180,194
969,Red,-27,-13,-11,-13,14,16,14,2,0,-2,194,208,192,181,194
970,Green,-27,-14,-11,-13,13,16,14,3,1,-2,195,208,192,181,194
971,Blue,-28,-14,-11,-13,14,17,15,3,1,-2,195,209,192,181,194
972,Blue,-29,-14,-11,-13,15,18,16,3,1,-2,195,210,192,181,194
973,Red,-28,-13,-10,-12,15,18,16,3,1,-2,195,210,192,182,194
974,Green,-28,-14,-10,-12,14,18,16,4,2,-2,196,210,192,182,194
975,Yellow,-28,-14,-11,-12,14,17,16,3,2,-1,196,210,193,182,194
976,Red,-27,-13,-10,-11,14,17,16,3,2,-1,196,210,193,183,194
977,Green,-27,-14,-10,-11,13,17,16,4,3,-1,197,210,193,183,194
978,Green,-27,-15,-10,-11,12,17,16,5,4,-1,198,210,193,183,194
979,Black,-27,-15,-10,-12,12,17,15,5,3,-2,198,210,193,183,195
980,Yellow,-27,-15,-11,-12,12,16,15,4,3,-1,198,210,194,183,195
981,Black,-27,-15,-11,-13,12,16,14,4,2,-2,198,210,194,183,196
982,Red,-26,-14,-10,-12,12,16,14,4,2,-2,198,210,194,184,196
983,Red,-25,-13,-9,-11,12,16,14,4,2,-2,198,210,194,185,196
984,Red,-24,-12,-8,-10,12,16,14,4,2,-2,198,210,194,186,196
985,Red,-23,-11,-7,-9,12,16,14,4,2,-2,198,210,194,187,196
986,Black,-23,-11,-7,-10,12,16,13,4,1,-3,198,210,194,187,197
987,Yellow,-23,-11,-8,-10,12,15,13,3,1,-2,198,210,195,187,197
988,Yellow,-23,-11,-9,-10,12,14,13,2,1,-1,198,210,196,187,197
989,Yellow,-23,-11,-10,-10,12,13,13,1,1,0,198,210,197,187,197
990,Black,-23,-11,-10,-11,12,13,12,1,0,-1,198,210,197,187,198
991,Black,-23,-11,-10,-12,12,13,11,1,-1,-2,198,210,197,187,199
992,Black,-23,-11,-10,-13,12,13,10,1,-2,-3,198,210,197,187,200
993,Blue,-24,-11,-10,-13,13,14,11,1,-2,-3,198,211,197,187,200
994,Yellow,-24,-11,-11,-13,13,13,11,0,-2,-2,198,211,198,187,200
995,Blue,-25,-11,-11,-13,14,14,12,0,-2,-2,198,212,198,187,200
996,Red,-24,-10,-10,-12,14,14,12,0,-2,-2,198,212,198,188,200
997,Yellow,-24,-10,-11,-12,14,13,12,-1,-2,-1,198,212,199,188,200
998,Red,-23,-9,-10,-11,14,13,12,-1,-2,-1,198,212,199,189,200
999,Blue,-24,-9,-10,-11,15,14,13,-1,-2,-1,198,213,199,189,200
1000,Red,-23,-8,-9,-10,15,14,13,-1,-2,-1,198,213,199,190,200
