index,color,Red-Blue,Red-Green,Red-Yellow,Blue-Green,Blue-Yellow,Green-Yellow,prefix_Green,prefix_Yellow,prefix_Blue,prefix_Red
1,Green,0,-1,0,-1,0,1,1,0,0,0
2,Yellow,0,-1,-1,-1,-1,0,1,1,0,0
3,Green,0,-2,-1,-2,-1,1,2,1,0,0
4,Blue,-1,-2,-1,-1,0,1,2,1,1,0
5,Blue,-2,-2,-1,0,1,1,2,1,2,0
6,Yellow,-2,-2,-2,0,0,0,2,2,2,0
7,Blue,-3,-2,-2,1,1,0,2,2,3,0
8,Blue,-4,-2,-2,2,2,0,2,2,4,0
9,Blue,-5,-2,-2,3,3,0,2,2,5,0
10,Yellow,-5,-2,-3,3,2,-1,2,3,5,0
11,Blue,-6,-2,-3,4,3,-1,2,3,6,0
12,Green,-6,-3,-3,3,3,0,3,3,6,0
13,Blue,-7,-3,-3,4,4,0,3,3,7,0
14,Red,-6,-2,-2,4,4,0,3,3,7,1
15,Yellow,-6,-2,-3,4,3,-1,3,4,7,1
16,Green,-6,-3,-3,3,3,0,4,4,7,1
17,Yellow,-6,-3,-4,3,2,-1,4,5,7,1
18,Yellow,-6,-3,-5,3,1,-2,4,6,7,1
19,Green,-6,-4,-5,2,1,-1,5,6,7,1
20,Red,-5,-3,-4,2,1,-1,5,6,7,2
21,Green,-5,-4,-4,1,1,0,6,6,7,2
22,Green,-5,-5,-4,0,1,1,7,6,7,2
23,Red,-4,-4,-3,0,1,1,7,6,7,3
24,Green,-4,-5,-3,-1,1,2,8,6,7,3
25,Green,-4,-6,-3,-2,1,3,9,6,7,3
26,Red,-3,-5,-2,-2,1,3,9,6,7,4
27,Green,-3,-6,-2,-3,1,4,10,6,7,4
28,Red,-2,-5,-1,-3,1,4,10,6,7,5
29,Red,-1,-4,0,-3,1,4,10,6,7,6
30,Red,0,-3,1,-3,1,4,10,6,7,7
31,Green,0,-4,1,-4,1,5,11,6,7,7
32,Red,1,-3,2,-4,1,5,11,6,7,8
33,Green,1,-4,2,-5,1,6,12,6,7,8
34,Blue,0,-4,2,-4,2,6,12,6,8,8
35,Red,1,-3,3,-4,2,6,12,6,8,9
36,Blue,0,-3,3,-3,3,6,12,6,9,9
37,Green,0,-4,3,-4,3,7,13,6,9,9
38,Yellow,0,-4,2,-4,2,6,13,7,9,9
39,Yellow,0,-4,1,-4,1,5,13,8,9,9
40,Green,0,-5,1,-5,1,6,14,8,9,9
41,Yellow,0,-5,0,-5,0,5,14,9,9,9
42,Red,1,-4,1,-5,0,5,14,9,9,10
43,Green,1,-5,1,-6,0,6,15,9,9,10
44,Green,1,-6,1,-7,0,7,16,9,9,10
45,Blue,0,-6,1,-6,1,7,16,9,10,10
46,Yellow,0,-6,0,-6,0,6,16,10,10,10
47,Blue,-1,-6,0,-5,1,6,16,10,11,10
48,Red,0,-5,1,-5,1,6,16,10,11,11
49,Yellow,0,-5,0,-5,0,5,16,11,11,11
50,Green,0,-6,0,-6,0,6,17,11,11,11
51,Green,0,-7,0,-7,0,7,18,11,11,11
52,Yellow,0,-7,-1,-7,-1,6,18,12,11,11
53,Yellow,0,-7,-2,-7,-2,5,18,13,11,11
54,Blue,-1,-7,-2,-6,-1,5,18,13,12,11
55,Blue,-2,-7,-2,-5,0,5,18,13,13,11
56,Blue,-3,-7,-2,-4,1,5,18,13,14,11
57,Yellow,-3,-7,-3,-4,0,4,18,14,14,11
58,Blue,-4,-7,-3,-3,1,4,18,14,15,11
59,Blue,-5,-7,-3,-2,2,4,18,14,16,11
60,Red,-4,-6,-2,-2,2,4,18,14,16,12
61,Green,-4,-7,-2,-3,2,5,19,14,16,12
62,Blue,-5,-7,-2,-2,3,5,19,14,17,12
63,Yellow,-5,-7,-3,-2,2,4,19,15,17,12
64,Blue,-6,-7,-3,-1,3,4,19,15,18,12
65,Blue,-7,-7,-3,0,4,4,19,15,19,12
66,Blue,-8,-7,-3,1,5,4,19,15,20,12
67,Blue,-9,-7,-3,2,6,4,19,15,21,12
68,Red,-8,-6,-2,2,6,4,19,15,21,13
69,Yellow,-8,-6,-3,2,5,3,19,16,21,13
70,Red,-7,-5,-2,2,5,3,19,16,21,14
71,Yellow,-7,-5,-3,2,4,2,19,17,21,14
72,Yellow,-7,-5,-4,2,3,1,19,18,21,14
73,Blue,-8,-5,-4,3,4,1,19,18,22,14
74,Green,-8,-6,-4,2,4,2,20,18,22,14
75,Blue,-9,-6,-4,3,5,2,20,18,23,14
76,Blue,-10,-6,-4,4,6,2,20,18,24,14
77,Green,-10,-7,-4,3,6,3,21,18,24,14
78,Red,-9,-6,-3,3,6,3,21,18,24,15
79,Yellow,-9,-6,-4,3,5,2,21,19,24,15
80,Blue,-10,-6,-4,4,6,2,21,19,25,15
81,Blue,-11,-6,-4,5,7,2,21,19,26,15
82,Yellow,-11,-6,-5,5,6,1,21,20,26,15
83,Blue,-12,-6,-5,6,7,1,21,20,27,15
84,Yellow,-12,-6,-6,6,6,0,21,21,27,15
85,Red,-11,-5,-5,6,6,0,21,21,27,16
86,Blue,-12,-5,-5,7,7,0,21,21,28,16
87,Red,-11,-4,-4,7,7,0,21,21,28,17
88,Blue,-12,-4,-4,8,8,0,21,21,29,17
89,Red,-11,-3,-3,8,8,0,21,21,29,18
90,Blue,-12,-3,-3,9,9,0,21,21,30,18
91,Yellow,-12,-3,-4,9,8,-1,21,22,30,18
92,Blue,-13,-3,-4,10,9,-1,21,22,31,18
93,Yellow,-13,-3,-5,10,8,-2,21,23,31,18
94,Blue,-14,-3,-5,11,9,-2,21,23,32,18
95,Green,-14,-4,-5,10,9,-1,22,23,32,18
96,Blue,-15,-4,-5,11,10,-1,22,23,33,18
97,Blue,-16,-4,-5,12,11,-1,22,23,34,18
98,Blue,-17,-4,-5,13,12,-1,22,23,35,18
99,Red,-16,-3,-4,13,12,-1,22,23,35,19
100,Red,-15,-2,-3,13,12,-1,22,23,35,20
101,Red,-14,-1,-2,13,12,-1,22,23,35,21
102,Blue,-15,-1,-2,14,13,-1,22,23,36,21
103,Red,-14,0,-1,14,13,-1,22,23,36,22
104,Yellow,-14,0,-2,14,12,-2,22,24,36,22
105,Red,-13,1,-1,14,12,-2,22,24,36,23
106,Yellow,-13,1,-2,14,11,-3,22,25,36,23
107,Yellow,-13,1,-3,14,10,-4,22,26,36,23
108,Yellow,-13,1,-4,14,9,-5,22,27,36,23
109,Blue,-14,1,-4,15,10,-5,22,27,37,23
110,Yellow,-14,1,-5,15,9,-6,22,28,37,23
111,Yellow,-14,1,-6,15,8,-7,22,29,37,23
112,Red,-13,2,-5,15,8,-7,22,29,37,24
113,Blue,-14,2,-5,16,9,-7,22,29,38,24
114,Blue,-15,2,-5,17,10,-7,22,29,39,24
115,Blue,-16,2,-5,18,11,-7,22,29,40,24
116,Blue,-17,2,-5,19,12,-7,22,29,41,24
117,Red,-16,3,-4,19,12,-7,22,29,41,25
118,Green,-16,2,-4,18,12,-6,23,29,41,25
119,Green,-16,1,-4,17,12,-5,24,29,41,25
120,Blue,-17,1,-4,18,13,-5,24,29,42,25
121,Yellow,-17,1,-5,18,12,-6,24,30,42,25
122,Blue,-18,1,-5,19,13,-6,24,30,43,25
123,Blue,-19,1,-5,20,14,-6,24,30,44,25
124,Red,-18,2,-4,20,14,-6,24,30,44,26
125,Blue,-19,2,-4,21,15,-6,24,30,45,26
126,Green,-19,1,-4,20,15,-5,25,30,45,26
127,Yellow,-19,1,-5,20,14,-6,25,31,45,26
128,Red,-18,2,-4,20,14,-6,25,31,45,27
129,Blue,-19,2,-4,21,15,-6,25,31,46,27
130,Blue,-20,2,-4,22,16,-6,25,31,47,27
131,Blue,-21,2,-4,23,17,-6,25,31,48,27
132,Yellow,-21,2,-5,23,16,-7,25,32,48,27
133,Red,-20,3,-4,23,16,-7,25,32,48,28
134,Green,-20,2,-4,22,16,-6,26,32,48,28
135,Blue,-21,2,-4,23,17,-6,26,32,49,28
136,Yellow,-21,2,-5,23,16,-7,26,33,49,28
137,Blue,-22,2,-5,24,17,-7,26,33,50,28
138,Red,-21,3,-4,24,17,-7,26,33,50,29
139,Green,-21,2,-4,23,17,-6,27,33,50,29
140,Blue,-22,2,-4,24,18,-6,27,33,51,29
141,Green,-22,1,-4,23,18,-5,28,33,51,29
142,Green,-22,0,-4,22,18,-4,29,33,51,29
143,Yellow,-22,0,-5,22,17,-5,29,34,51,29
144,Blue,-23,0,-5,23,18,-5,29,34,52,29
145,Yellow,-23,0,-6,23,17,-6,29,35,52,29
146,Green,-23,-1,-6,22,17,-5,30,35,52,29
147,Yellow,-23,-1,-7,22,16,-6,30,36,52,29
148,Green,-23,-2,-7,21,16,-5,31,36,52,29
149,Red,-22,-1,-6,21,16,-5,31,36,52,30
150,Blue,-23,-1,-6,22,17,-5,31,36,53,30
151,Red,-22,0,-5,22,17,-5,31,36,53,31
152,Red,-21,1,-4,22,17,-5,31,36,53,32
153,Yellow,-21,1,-5,22,16,-6,31,37,53,32
154,Red,-20,2,-4,22,16,-6,31,37,53,33
155,Red,-19,3,-3,22,16,-6,31,37,53,34
156,Green,-19,2,-3,21,16,-5,32,37,53,34
157,Green,-19,1,-3,20,16,-4,33,37,53,34
158,Blue,-20,1,-3,21,17,-4,33,37,54,34
159,Green,-20,0,-3,20,17,-3,34,37,54,34
160,Blue,-21,0,-3,21,18,-3,34,37,55,34
161,Green,-21,-1,-3,20,18,-2,35,37,55,34
162,Blue,-22,-1,-3,21,19,-2,35,37,56,34
163,Yellow,-22,-1,-4,21,18,-3,35,38,56,34
164,Green,-22,-2,-4,20,18,-2,36,38,56,34
165,Yellow,-22,-2,-5,20,17,-3,36,39,56,34
166,Red,-21,-1,-4,20,17,-3,36,39,56,35
167,Blue,-22,-1,-4,21,18,-3,36,39,57,35
168,Green,-22,-2,-4,20,18,-2,37,39,57,35
169,Yellow,-22,-2,-5,20,17,-3,37,40,57,35
170,Green,-22,-3,-5,19,17,-2,38,40,57,35
171,Yellow,-22,-3,-6,19,16,-3,38,41,57,35
172,Red,-21,-2,-5,19,16,-3,38,41,57,36
173,Yellow,-21,-2,-6,19,15,-4,38,42,57,36
174,Yellow,-21,-2,-7,19,14,-5,38,43,57,36
175,Green,-21,-3,-7,18,14,-4,39,43,57,36
176,Red,-20,-2,-6,18,14,-4,39,43,57,37
177,Red,-19,-1,-5,18,14,-4,39,43,57,38
178,Blue,-20,-1,-5,19,15,-4,39,43,58,38
179,Yellow,-20,-1,-6,19,14,-5,39,44,58,38
180,Yellow,-20,-1,-7,19,13,-6,39,45,58,38
181,Red,-19,0,-6,19,13,-6,39,45,58,39
182,Yellow,-19,0,-7,19,12,-7,39,46,58,39
183,Blue,-20,0,-7,20,13,-7,39,46,59,39
184,Blue,-21,0,-7,21,14,-7,39,46,60,39
185,Blue,-22,0,-7,22,15,-7,39,46,61,39
186,Red,-21,1,-6,22,15,-7,39,46,61,40
187,Blue,-22,1,-6,23,16,-7,39,46,62,40
188,Red,-21,2,-5,23,16,-7,39,46,62,41
189,Blue,-22,2,-5,24,17,-7,39,46,63,41
190,Red,-21,3,-4,24,17,-7,39,46,63,42
191,Blue,-22,3,-4,25,18,-7,39,46,64,42
192,Green,-22,2,-4,24,18,-6,40,46,64,42
193,Red,-21,3,-3,24,18,-6,40,46,64,43
194,Yellow,-21,3,-4,24,17,-7,40,47,64,43
195,Yellow,-21,3,-5,24,16,-8,40,48,64,43
196,Yellow,-21,3,-6,24,15,-9,40,49,64,43
197,Green,-21,2,-6,23,15,-8,41,49,64,43
198,Yellow,-21,2,-7,23,14,-9,41,50,64,43
199,Blue,-22,2,-7,24,15,-9,41,50,65,43
200,Yellow,-22,2,-8,24,14,-10,41,51,65,43
201,Yellow,-22,2,-9,24,13,-11,41,52,65,43
202,Red,-21,3,-8,24,13,-11,41,52,65,44
203,Green,-21,2,-8,23,13,-10,42,52,65,44
204,Blue,-22,2,-8,24,14,-10,42,52,66,44
205,Blue,-23,2,-8,25,15,-10,42,52,67,44
206,Yellow,-23,2,-9,25,14,-11,42,53,67,44
207,Yellow,-23,2,-10,25,13,-12,42,54,67,44
208,Blue,-24,2,-10,26,14,-12,42,54,68,44
209,Red,-23,3,-9,26,14,-12,42,54,68,45
210,Blue,-24,3,-9,27,15,-12,42,54,69,45
211,Green,-24,2,-9,26,15,-11,43,54,69,45
212,Blue,-25,2,-9,27,16,-11,43,54,70,45
213,Green,-25,1,-9,26,16,-10,44,54,70,45
214,Blue,-26,1,-9,27,17,-10,44,54,71,45
215,Green,-26,0,-9,26,17,-9,45,54,71,45
216,Blue,-27,0,-9,27,18,-9,45,54,72,45
217,Yellow,-27,0,-10,27,17,-10,45,55,72,45
218,Yellow,-27,0,-11,27,16,-11,45,56,72,45
219,Yellow,-27,0,-12,27,15,-12,45,57,72,45
220,Yellow,-27,0,-13,27,14,-13,45,58,72,45
221,Yellow,-27,0,-14,27,13,-14,45,59,72,45
222,Blue,-28,0,-14,28,14,-14,45,59,73,45
223,Green,-28,-1,-14,27,14,-13,46,59,73,45
224,Blue,-29,-1,-14,28,15,-13,46,59,74,45
225,Blue,-30,-1,-14,29,16,-13,46,59,75,45
226,Green,-30,-2,-14,28,16,-12,47,59,75,45
227,Green,-30,-3,-14,27,16,-11,48,59,75,45
228,Green,-30,-4,-14,26,16,-10,49,59,75,45
229,Green,-30,-5,-14,25,16,-9,50,59,75,45
230,Blue,-31,-5,-14,26,17,-9,50,59,76,45
231,Yellow,-31,-5,-15,26,16,-10,50,60,76,45
232,Yellow,-31,-5,-16,26,15,-11,50,61,76,45
233,Green,-31,-6,-16,25,15,-10,51,61,76,45
234,Blue,-32,-6,-16,26,16,-10,51,61,77,45
235,Blue,-33,-6,-16,27,17,-10,51,61,78,45
236,Yellow,-33,-6,-17,27,16,-11,51,62,78,45
237,Yellow,-33,-6,-18,27,15,-12,51,63,78,45
238,Red,-32,-5,-17,27,15,-12,51,63,78,46
239,Yellow,-32,-5,-18,27,14,-13,51,64,78,46
240,Red,-31,-4,-17,27,14,-13,51,64,78,47
241,Yellow,-31,-4,-18,27,13,-14,51,65,78,47
242,Blue,-32,-4,-18,28,14,-14,51,65,79,47
243,Green,-32,-5,-18,27,14,-13,52,65,79,47
244,Red,-31,-4,-17,27,14,-13,52,65,79,48
245,Yellow,-31,-4,-18,27,13,-14,52,66,79,48
246,Green,-31,-5,-18,26,13,-13,53,66,79,48
247,Red,-30,-4,-17,26,13,-13,53,66,79,49
248,Blue,-31,-4,-17,27,14,-13,53,66,80,49
249,Blue,-32,-4,-17,28,15,-13,53,66,81,49
250,Green,-32,-5,-17,27,15,-12,54,66,81,49
251,Yellow,-32,-5,-18,27,14,-13,54,67,81,49
252,Red,-31,-4,-17,27,14,-13,54,67,81,50
253,Green,-31,-5,-17,26,14,-12,55,67,81,50
254,Blue,-32,-5,-17,27,15,-12,55,67,82,50
255,Green,-32,-6,-17,26,15,-11,56,67,82,50
256,Red,-31,-5,-16,26,15,-11,56,67,82,51
257,Green,-31,-6,-16,25,15,-10,57,67,82,51
258,Green,-31,-7,-16,24,15,-9,58,67,82,51
259,Red,-30,-6,-15,24,15,-9,58,67,82,52
260,Blue,-31,-6,-15,25,16,-9,58,67,83,52
261,Red,-30,-5,-14,25,16,-9,58,67,83,53
262,Green,-30,-6,-14,24,16,-8,59,67,83,53
263,Yellow,-30,-6,-15,24,15,-9,59,68,83,53
264,Green,-30,-7,-15,23,15,-8,60,68,83,53
265,Red,-29,-6,-14,23,15,-8,60,68,83,54
266,Red,-28,-5,-13,23,15,-8,60,68,83,55
267,Yellow,-28,-5,-14,23,14,-9,60,69,83,55
268,Yellow,-28,-5,-15,23,13,-10,60,70,83,55
269,Green,-28,-6,-15,22,13,-9,61,70,83,55
270,Red,-27,-5,-14,22,13,-9,61,70,83,56
271,Yellow,-27,-5,-15,22,12,-10,61,71,83,56
272,Green,-27,-6,-15,21,12,-9,62,71,83,56
273,Blue,-28,-6,-15,22,13,-9,62,71,84,56
274,Yellow,-28,-6,-16,22,12,-10,62,72,84,56
275,Yellow,-28,-6,-17,22,11,-11,62,73,84,56
276,Yellow,-28,-6,-18,22,10,-12,62,74,84,56
277,Red,-27,-5,-17,22,10,-12,62,74,84,57
278,Green,-27,-6,-17,21,10,-11,63,74,84,57
279,Green,-27,-7,-17,20,10,-10,64,74,84,57
280,Blue,-28,-7,-17,21,11,-10,64,74,85,57
281,Blue,-29,-7,-17,22,12,-10,64,74,86,57
282,Blue,-30,-7,-17,23,13,-10,64,74,87,57
283,Red,-29,-6,-16,23,13,-10,64,74,87,58
284,Red,-28,-5,-15,23,13,-10,64,74,87,59
285,Red,-27,-4,-14,23,13,-10,64,74,87,60
286,Red,-26,-3,-13,23,13,-10,64,74,87,61
287,Green,-26,-4,-13,22,13,-9,65,74,87,61
288,Blue,-27,-4,-13,23,14,-9,65,74,88,61
289,Green,-27,-5,-13,22,14,-8,66,74,88,61
290,Yellow,-27,-5,-14,22,13,-9,66,75,88,61
291,Blue,-28,-5,-14,23,14,-9,66,75,89,61
292,Red,-27,-4,-13,23,14,-9,66,75,89,62
293,Yellow,-27,-4,-14,23,13,-10,66,76,89,62
294,Green,-27,-5,-14,22,13,-9,67,76,89,62
295,Blue,-28,-5,-14,23,14,-9,67,76,90,62
296,Green,-28,-6,-14,22,14,-8,68,76,90,62
297,Red,-27,-5,-13,22,14,-8,68,76,90,63
298,Green,-27,-6,-13,21,14,-7,69,76,90,63
299,Blue,-28,-6,-13,22,15,-7,69,76,91,63
300,Green,-28,-7,-13,21,15,-6,70,76,91,63
301,Blue,-29,-7,-13,22,16,-6,70,76,92,63
302,Blue,-30,-7,-13,23,17,-6,70,76,93,63
303,Yellow,-30,-7,-14,23,16,-7,70,77,93,63
304,Green,-30,-8,-14,22,16,-6,71,77,93,63
305,Red,-29,-7,-13,22,16,-6,71,77,93,64
306,Green,-29,-8,-13,21,16,-5,72,77,93,64
307,Red,-28,-7,-12,21,16,-5,72,77,93,65
308,Blue,-29,-7,-12,22,17,-5,72,77,94,65
309,Blue,-30,-7,-12,23,18,-5,72,77,95,65
310,Blue,-31,-7,-12,24,19,-5,72,77,96,65
311,Green,-31,-8,-12,23,19,-4,73,77,96,65
312,Blue,-32,-8,-12,24,20,-4,73,77,97,65
313,Blue,-33,-8,-12,25,21,-4,73,77,98,65
314,Green,-33,-9,-12,24,21,-3,74,77,98,65
315,Blue,-34,-9,-12,25,22,-3,74,77,99,65
316,Red,-33,-8,-11,25,22,-3,74,77,99,66
317,Blue,-34,-8,-11,26,23,-3,74,77,100,66
318,Yellow,-34,-8,-12,26,22,-4,74,78,100,66
319,Blue,-35,-8,-12,27,23,-4,74,78,101,66
320,Red,-34,-7,-11,27,23,-4,74,78,101,67
321,Green,-34,-8,-11,26,23,-3,75,78,101,67
322,Green,-34,-9,-11,25,23,-2,76,78,101,67
323,Blue,-35,-9,-11,26,24,-2,76,78,102,67
324,Yellow,-35,-9,-12,26,23,-3,76,79,102,67
325,Blue,-36,-9,-12,27,24,-3,76,79,103,67
326,Blue,-37,-9,-12,28,25,-3,76,79,104,67
327,Green,-37,-10,-12,27,25,-2,77,79,104,67
328,Yellow,-37,-10,-13,27,24,-3,77,80,104,67
329,Yellow,-37,-10,-14,27,23,-4,77,81,104,67
330,Yellow,-37,-10,-15,27,22,-5,77,82,104,67
331,Blue,-38,-10,-15,28,23,-5,77,82,105,67
332,Green,-38,-11,-15,27,23,-4,78,82,105,67
333,Yellow,-38,-11,-16,27,22,-5,78,83,105,67
334,Red,-37,-10,-15,27,22,-5,78,83,105,68
335,Yellow,-37,-10,-16,27,21,-6,78,84,105,68
336,Red,-36,-9,-15,27,21,-6,78,84,105,69
337,Yellow,-36,-9,-16,27,20,-7,78,85,105,69
338,Green,-36,-10,-16,26,20,-6,79,85,105,69
339,Green,-36,-11,-16,25,20,-5,80,85,105,69
340,Yellow,-36,-11,-17,25,19,-6,80,86,105,69
341,Blue,-37,-11,-17,26,20,-6,80,86,106,69
342,Green,-37,-12,-17,25,20,-5,81,86,106,69
343,Yellow,-37,-12,-18,25,19,-6,81,87,106,69
344,Blue,-38,-12,-18,26,20,-6,81,87,107,69
345,Yellow,-38,-12,-19,26,19,-7,81,88,107,69
346,Blue,-39,-12,-19,27,20,-7,81,88,108,69
347,Red,-38,-11,-18,27,20,-7,81,88,108,70
348,Blue,-39,-11,-18,28,21,-7,81,88,109,70
349,Blue,-40,-11,-18,29,22,-7,81,88,110,70
350,Yellow,-40,-11,-19,29,21,-8,81,89,110,70
351,Red,-39,-10,-18,29,21,-8,81,89,110,71
352,Green,-39,-11,-18,28,21,-7,82,89,110,71
353,Red,-38,-10,-17,28,21,-7,82,89,110,72
354,Green,-38,-11,-17,27,21,-6,83,89,110,72
355,Yellow,-38,-11,-18,27,20,-7,83,90,110,72
356,Blue,-39,-11,-18,28,21,-7,83,90,111,72
357,Yellow,-39,-11,-19,28,20,-8,83,91,111,72
358,Red,-38,-10,-18,28,20,-8,83,91,111,73
359,Blue,-39,-10,-18,29,21,-8,83,91,112,73
360,Yellow,-39,-10,-19,29,20,-9,83,92,112,73
361,Blue,-40,-10,-19,30,21,-9,83,92,113,73
362,Yellow,-40,-10,-20,30,20,-10,83,93,113,73
363,Blue,-41,-10,-20,31,21,-10,83,93,114,73
364,Red,-40,-9,-19,31,21,-10,83,93,114,74
365,Blue,-41,-9,-19,32,22,-10,83,93,115,74
366,Green,-41,-10,-19,31,22,-9,84,93,115,74
367,Yellow,-41,-10,-20,31,21,-10,84,94,115,74
368,Yellow,-41,-10,-21,31,20,-11,84,95,115,74
369,Blue,-42,-10,-21,32,21,-11,84,95,116,74
370,Yellow,-42,-10,-22,32,20,-12,84,96,116,74
371,Green,-42,-11,-22,31,20,-11,85,96,116,74
372,Red,-41,-10,-21,31,20,-11,85,96,116,75
373,Blue,-42,-10,-21,32,21,-11,85,96,117,75
374,Red,-41,-9,-20,32,21,-11,85,96,117,76
375,Blue,-42,-9,-20,33,22,-11,85,96,118,76
376,Green,-42,-10,-20,32,22,-10,86,96,118,76
377,Blue,-43,-10,-20,33,23,-10,86,96,119,76
378,Green,-43,-11,-20,32,23,-9,87,96,119,76
379,Yellow,-43,-11,-21,32,22,-10,87,97,119,76
380,Red,-42,-10,-20,32,22,-10,87,97,119,77
381,Blue,-43,-10,-20,33,23,-10,87,97,120,77
382,Yellow,-43,-10,-21,33,22,-11,87,98,120,77
383,Red,-42,-9,-20,33,22,-11,87,98,120,78
384,Yellow,-42,-9,-21,33,21,-12,87,99,120,78
385,Red,-41,-8,-20,33,21,-12,87,99,120,79
386,Yellow,-41,-8,-21,33,20,-13,87,100,120,79
387,Red,-40,-7,-20,33,20,-13,87,100,120,80
388,Yellow,-40,-7,-21,33,19,-14,87,101,120,80
389,Green,-40,-8,-21,32,19,-13,88,101,120,80
390,Green,-40,-9,-21,31,19,-12,89,101,120,80
391,Red,-39,-8,-20,31,19,-12,89,101,120,81
392,Red,-38,-7,-19,31,19,-12,89,101,120,82
393,Blue,-39,-7,-19,32,20,-12,89,101,121,82
394,Green,-39,-8,-19,31,20,-11,90,101,121,82
395,Red,-38,-7,-18,31,20,-11,90,101,121,83
396,Yellow,-38,-7,-19,31,19,-12,90,102,121,83
397,Blue,-39,-7,-19,32,20,-12,90,102,122,83
398,Blue,-40,-7,-19,33,21,-12,90,102,123,83
399,Yellow,-40,-7,-20,33,20,-13,90,103,123,83
400,Red,-39,-6,-19,33,20,-13,90,103,123,84
401,Red,-38,-5,-18,33,20,-13,90,103,123,85
402,Yellow,-38,-5,-19,33,19,-14,90,104,123,85
403,Blue,-39,-5,-19,34,20,-14,90,104,124,85
404,Blue,-40,-5,-19,35,21,-14,90,104,125,85
405,Blue,-41,-5,-19,36,22,-14,90,104,126,85
406,Blue,-42,-5,-19,37,23,-14,90,104,127,85
407,Red,-41,-4,-18,37,23,-14,90,104,127,86
408,Yellow,-41,-4,-19,37,22,-15,90,105,127,86
409,Red,-40,-3,-18,37,22,-15,90,105,127,87
410,Green,-40,-4,-18,36,22,-14,91,105,127,87
411,Blue,-41,-4,-18,37,23,-14,91,105,128,87
412,Red,-40,-3,-17,37,23,-14,91,105,128,88
413,Blue,-41,-3,-17,38,24,-14,91,105,129,88
414,Red,-40,-2,-16,38,24,-14,91,105,129,89
415,Green,-40,-3,-16,37,24,-13,92,105,129,89
416,Green,-40,-4,-16,36,24,-12,93,105,129,89
417,Green,-40,-5,-16,35,24,-11,94,105,129,89
418,Red,-39,-4,-15,35,24,-11,94,105,129,90
419,Green,-39,-5,-15,34,24,-10,95,105,129,90
420,Green,-39,-6,-15,33,24,-9,96,105,129,90
421,Blue,-40,-6,-15,34,25,-9,96,105,130,90
422,Yellow,-40,-6,-16,34,24,-10,96,106,130,90
423,Blue,-41,-6,-16,35,25,-10,96,106,131,90
424,Blue,-42,-6,-16,36,26,-10,96,106,132,90
425,Green,-42,-7,-16,35,26,-9,97,106,132,90
426,Yellow,-42,-7,-17,35,25,-10,97,107,132,90
427,Blue,-43,-7,-17,36,26,-10,97,107,133,90
428,Green,-43,-8,-17,35,26,-9,98,107,133,90
429,Red,-42,-7,-16,35,26,-9,98,107,133,91
430,Blue,-43,-7,-16,36,27,-9,98,107,134,91
431,Yellow,-43,-7,-17,36,26,-10,98,108,134,91
432,Yellow,-43,-7,-18,36,25,-11,98,109,134,91
433,Blue,-44,-7,-18,37,26,-11,98,109,135,91
434,Red,-43,-6,-17,37,26,-11,98,109,135,92
435,Yellow,-43,-6,-18,37,25,-12,98,110,135,92
436,Blue,-44,-6,-18,38,26,-12,98,110,136,92
437,Green,-44,-7,-18,37,26,-11,99,110,136,92
438,Blue,-45,-7,-18,38,27,-11,99,110,137,92
439,Blue,-46,-7,-18,39,28,-11,99,110,138,92
440,Red,-45,-6,-17,39,28,-11,99,110,138,93
441,Blue,-46,-6,-17,40,29,-11,99,110,139,93
442,Green,-46,-7,-17,39,29,-10,100,110,139,93
443,Blue,-47,-7,-17,40,30,-10,100,110,140,93
444,Yellow,-47,-7,-18,40,29,-11,100,111,140,93
445,Yellow,-47,-7,-19,40,28,-12,100,112,140,93
446,Green,-47,-8,-19,39,28,-11,101,112,140,93
447,Yellow,-47,-8,-20,39,27,-12,101,113,140,93
448,Yellow,-47,-8,-21,39,26,-13,101,114,140,93
449,Yellow,-47,-8,-22,39,25,-14,101,115,140,93
450,Blue,-48,-8,-22,40,26,-14,101,115,141,93
451,Yellow,-48,-8,-23,40,25,-15,101,116,141,93
452,Red,-47,-7,-22,40,25,-15,101,116,141,94
453,Red,-46,-6,-21,40,25,-15,101,116,141,95
454,Green,-46,-7,-21,39,25,-14,102,116,141,95
455,Red,-45,-6,-20,39,25,-14,102,116,141,96
456,Green,-45,-7,-20,38,25,-13,103,116,141,96
457,Blue,-46,-7,-20,39,26,-13,103,116,142,96
458,Yellow,-46,-7,-21,39,25,-14,103,117,142,96
459,Blue,-47,-7,-21,40,26,-14,103,117,143,96
460,Yellow,-47,-7,-22,40,25,-15,103,118,143,96
461,Red,-46,-6,-21,40,25,-15,103,118,143,97
462,Blue,-47,-6,-21,41,26,-15,103,118,144,97
463,Blue,-48,-6,-21,42,27,-15,103,118,145,97
464,Yellow,-48,-6,-22,42,26,-16,103,119,145,97
465,Yellow,-48,-6,-23,42,25,-17,103,120,145,97
466,Blue,-49,-6,-23,43,26,-17,103,120,146,97
467,Blue,-50,-6,-23,44,27,-17,103,120,147,97
468,Blue,-51,-6,-23,45,28,-17,103,120,148,97
469,Green,-51,-7,-23,44,28,-16,104,120,148,97
470,Blue,-52,-7,-23,45,29,-16,104,120,149,97
471,Yellow,-52,-7,-24,45,28,-17,104,121,149,97
472,Blue,-53,-7,-24,46,29,-17,104,121,150,97
473,Red,-52,-6,-23,46,29,-17,104,121,150,98
474,Yellow,-52,-6,-24,46,28,-18,104,122,150,98
475,Red,-51,-5,-23,46,28,-18,104,122,150,99
476,Blue,-52,-5,-23,47,29,-18,104,122,151,99
477,Green,-52,-6,-23,46,29,-17,105,122,151,99
478,Green,-52,-7,-23,45,29,-16,106,122,151,99
479,Red,-51,-6,-22,45,29,-16,106,122,151,100
480,Blue,-52,-6,-22,46,30,-16,106,122,152,100
481,Blue,-53,-6,-22,47,31,-16,106,122,153,100
482,Yellow,-53,-6,-23,47,30,-17,106,123,153,100
483,Red,-52,-5,-22,47,30,-17,106,123,153,101
484,Blue,-53,-5,-22,48,31,-17,106,123,154,101
485,Red,-52,-4,-21,48,31,-17,106,123,154,102
486,Yellow,-52,-4,-22,48,30,-18,106,124,154,102
487,Yellow,-52,-4,-23,48,29,-19,106,125,154,102
488,Yellow,-52,-4,-24,48,28,-20,106,126,154,102
489,Yellow,-52,-4,-25,48,27,-21,106,127,154,102
490,Blue,-53,-4,-25,49,28,-21,106,127,155,102
491,Yellow,-53,-4,-26,49,27,-22,106,128,155,102
492,Green,-53,-5,-26,48,27,-21,107,128,155,102
493,Yellow,-53,-5,-27,48,26,-22,107,129,155,102
494,Blue,-54,-5,-27,49,27,-22,107,129,156,102
495,Red,-53,-4,-26,49,27,-22,107,129,156,103
496,Blue,-54,-4,-26,50,28,-22,107,129,157,103
497,Red,-53,-3,-25,50,28,-22,107,129,157,104
498,Red,-52,-2,-24,50,28,-22,107,129,157,105
499,Red,-51,-1,-23,50,28,-22,107,129,157,106
500,Yellow,-51,-1,-24,50,27,-23,107,130,157,106
501,Yellow,-51,-1,-25,50,26,-24,107,131,157,106
502,Blue,-52,-1,-25,51,27,-24,107,131,158,106
503,Yellow,-52,-1,-26,51,26,-25,107,132,158,106
504,Yellow,-52,-1,-27,51,25,-26,107,133,158,106
505,Blue,-53,-1,-27,52,26,-26,107,133,159,106
506,Blue,-54,-1,-27,53,27,-26,107,133,160,106
507,Yellow,-54,-1,-28,53,26,-27,107,134,160,106
508,Yellow,-54,-1,-29,53,25,-28,107,135,160,106
509,Yellow,-54,-1,-30,53,24,-29,107,136,160,106
510,Red,-53,0,-29,53,24,-29,107,136,160,107
511,Blue,-54,0,-29,54,25,-29,107,136,161,107
512,Blue,-55,0,-29,55,26,-29,107,136,162,107
513,Red,-54,1,-28,55,26,-29,107,136,162,108
514,Red,-53,2,-27,55,26,-29,107,136,162,109
515,Red,-52,3,-26,55,26,-29,107,136,162,110
516,Red,-51,4,-25,55,26,-29,107,136,162,111
517,Blue,-52,4,-25,56,27,-29,107,136,163,111
518,Green,-52,3,-25,55,27,-28,108,136,163,111
519,Green,-52,2,-25,54,27,-27,109,136,163,111
520,Yellow,-52,2,-26,54,26,-28,109,137,163,111
521,Red,-51,3,-25,54,26,-28,109,137,163,112
522,Green,-51,2,-25,53,26,-27,110,137,163,112
523,Yellow,-51,2,-26,53,25,-28,110,138,163,112
524,Red,-50,3,-25,53,25,-28,110,138,163,113
525,Yellow,-50,3,-26,53,24,-29,110,139,163,113
526,Green,-50,2,-26,52,24,-28,111,139,163,113
527,Red,-49,3,-25,52,24,-28,111,139,163,114
528,Red,-48,4,-24,52,24,-28,111,139,163,115
529,Yellow,-48,4,-25,52,23,-29,111,140,163,115
530,Yellow,-48,4,-26,52,22,-30,111,141,163,115
531,Blue,-49,4,-26,53,23,-30,111,141,164,115
532,Blue,-50,4,-26,54,24,-30,111,141,165,115
533,Red,-49,5,-25,54,24,-30,111,141,165,116
534,Blue,-50,5,-25,55,25,-30,111,141,166,116
535,Yellow,-50,5,-26,55,24,-31,111,142,166,116
536,Red,-49,6,-25,55,24,-31,111,142,166,117
537,Blue,-50,6,-25,56,25,-31,111,142,167,117
538,Green,-50,5,-25,55,25,-30,112,142,167,117
539,Red,-49,6,-24,55,25,-30,112,142,167,118
540,Blue,-50,6,-24,56,26,-30,112,142,168,118
541,Yellow,-50,6,-25,56,25,-31,112,143,168,118
542,Yellow,-50,6,-26,56,24,-32,112,144,168,118
543,Blue,-51,6,-26,57,25,-32,112,144,169,118
544,Yellow,-51,6,-27,57,24,-33,112,145,169,118
545,Blue,-52,6,-27,58,25,-33,112,145,170,118
546,Red,-51,7,-26,58,25,-33,112,145,170,119
547,Green,-51,6,-26,57,25,-32,113,145,170,119
548,Yellow,-51,6,-27,57,24,-33,113,146,170,119
549,Green,-51,5,-27,56,24,-32,114,146,170,119
550,Red,-50,6,-26,56,24,-32,114,146,170,120
551,Red,-49,7,-25,56,24,-32,114,146,170,121
552,Blue,-50,7,-25,57,25,-32,114,146,171,121
553,Yellow,-50,7,-26,57,24,-33,114,147,171,121
554,Blue,-51,7,-26,58,25,-33,114,147,172,121
555,Yellow,-51,7,-27,58,24,-34,114,148,172,121
556,Green,-51,6,-27,57,24,-33,115,148,172,121
557,Yellow,-51,6,-28,57,23,-34,115,149,172,121
558,Red,-50,7,-27,57,23,-34,115,149,172,122
559,Yellow,-50,7,-28,57,22,-35,115,150,172,122
560,Blue,-51,7,-28,58,23,-35,115,150,173,122
561,Yellow,-51,7,-29,58,22,-36,115,151,173,122
562,Green,-51,6,-29,57,22,-35,116,151,173,122
563,Yellow,-51,6,-30,57,21,-36,116,152,173,122
564,Red,-50,7,-29,57,21,-36,116,152,173,123
565,Blue,-51,7,-29,58,22,-36,116,152,174,123
566,Yellow,-51,7,-30,58,21,-37,116,153,174,123
567,Blue,-52,7,-30,59,22,-37,116,153,175,123
568,Green,-52,6,-30,58,22,-36,117,153,175,123
569,Green,-52,5,-30,57,22,-35,118,153,175,123
570,Green,-52,4,-30,56,22,-34,119,153,175,123
571,Red,-51,5,-29,56,22,-34,119,153,175,124
572,Red,-50,6,-28,56,22,-34,119,153,175,125
573,Yellow,-50,6,-29,56,21,-35,119,154,175,125
574,Green,-50,5,-29,55,21,-34,120,154,175,125
575,Blue,-51,5,-29,56,22,-34,120,154,176,125
576,Red,-50,6,-28,56,22,-34,120,154,176,126
577,Yellow,-50,6,-29,56,21,-35,120,155,176,126
578,Red,-49,7,-28,56,21,-35,120,155,176,127
579,Red,-48,8,-27,56,21,-35,120,155,176,128
580,Blue,-49,8,-27,57,22,-35,120,155,177,128
581,Green,-49,7,-27,56,22,-34,121,155,177,128
582,Green,-49,6,-27,55,22,-33,122,155,177,128
583,Blue,-50,6,-27,56,23,-33,122,155,178,128
584,Blue,-51,6,-27,57,24,-33,122,155,179,128
585,Green,-51,5,-27,56,24,-32,123,155,179,128
586,Yellow,-51,5,-28,56,23,-33,123,156,179,128
587,Yellow,-51,5,-29,56,22,-34,123,157,179,128
588,Green,-51,4,-29,55,22,-33,124,157,179,128
589,Red,-50,5,-28,55,22,-33,124,157,179,129
590,Red,-49,6,-27,55,22,-33,124,157,179,130
591,Yellow,-49,6,-28,55,21,-34,124,158,179,130
592,Yellow,-49,6,-29,55,20,-35,124,159,179,130
593,Yellow,-49,6,-30,55,19,-36,124,160,179,130
594,Green,-49,5,-30,54,19,-35,125,160,179,130
595,Blue,-50,5,-30,55,20,-35,125,160,180,130
596,Red,-49,6,-29,55,20,-35,125,160,180,131
597,Green,-49,5,-29,54,20,-34,126,160,180,131
598,Green,-49,4,-29,53,20,-33,127,160,180,131
599,Blue,-50,4,-29,54,21,-33,127,160,181,131
600,Yellow,-50,4,-30,54,20,-34,127,161,181,131
601,Red,-49,5,-29,54,20,-34,127,161,181,132
602,Red,-48,6,-28,54,20,-34,127,161,181,133
603,Green,-48,5,-28,53,20,-33,128,161,181,133
604,Green,-48,4,-28,52,20,-32,129,161,181,133
605,Red,-47,5,-27,52,20,-32,129,161,181,134
606,Blue,-48,5,-27,53,21,-32,129,161,182,134
607,Blue,-49,5,-27,54,22,-32,129,161,183,134
608,Yellow,-49,5,-28,54,21,-33,129,162,183,134
609,Yellow,-49,5,-29,54,20,-34,129,163,183,134
610,Yellow,-49,5,-30,54,19,-35,129,164,183,134
611,Blue,-50,5,-30,55,20,-35,129,164,184,134
612,Blue,-51,5,-30,56,21,-35,129,164,185,134
613,Red,-50,6,-29,56,21,-35,129,164,185,135
614,Yellow,-50,6,-30,56,20,-36,129,165,185,135
615,Red,-49,7,-29,56,20,-36,129,165,185,136
616,Yellow,-49,7,-30,56,19,-37,129,166,185,136
617,Green,-49,6,-30,55,19,-36,130,166,185,136
618,Yellow,-49,6,-31,55,18,-37,130,167,185,136
619,Yellow,-49,6,-32,55,17,-38,130,168,185,136
620,Yellow,-49,6,-33,55,16,-39,130,169,185,136
621,Green,-49,5,-33,54,16,-38,131,169,185,136
622,Green,-49,4,-33,53,16,-37,132,169,185,136
623,Blue,-50,4,-33,54,17,-37,132,169,186,136
624,Green,-50,3,-33,53,17,-36,133,169,186,136
625,Blue,-51,3,-33,54,18,-36,133,169,187,136
626,Green,-51,2,-33,53,18,-35,134,169,187,136
627,Yellow,-51,2,-34,53,17,-36,134,170,187,136
628,Green,-51,1,-34,52,17,-35,135,170,187,136
629,Blue,-52,1,-34,53,18,-35,135,170,188,136
630,Blue,-53,1,-34,54,19,-35,135,170,189,136
631,Blue,-54,1,-34,55,20,-35,135,170,190,136
632,Red,-53,2,-33,55,20,-35,135,170,190,137
633,Yellow,-53,2,-34,55,19,-36,135,171,190,137
634,Green,-53,1,-34,54,19,-35,136,171,190,137
635,Yellow,-53,1,-35,54,18,-36,136,172,190,137
636,Red,-52,2,-34,54,18,-36,136,172,190,138
637,Yellow,-52,2,-35,54,17,-37,136,173,190,138
638,Yellow,-52,2,-36,54,16,-38,136,174,190,138
639,Blue,-53,2,-36,55,17,-38,136,174,191,138
640,Blue,-54,2,-36,56,18,-38,136,174,192,138
641,Green,-54,1,-36,55,18,-37,137,174,192,138
642,Red,-53,2,-35,55,18,-37,137,174,192,139
643,Red,-52,3,-34,55,18,-37,137,174,192,140
644,Blue,-53,3,-34,56,19,-37,137,174,193,140
645,Yellow,-53,3,-35,56,18,-38,137,175,193,140
646,Blue,-54,3,-35,57,19,-38,137,175,194,140
647,Yellow,-54,3,-36,57,18,-39,137,176,194,140
648,Red,-53,4,-35,57,18,-39,137,176,194,141
649,Green,-53,3,-35,56,18,-38,138,176,194,141
650,Green,-53,2,-35,55,18,-37,139,176,194,141
651,Yellow,-53,2,-36,55,17,-38,139,177,194,141
652,Blue,-54,2,-36,56,18,-38,139,177,195,141
653,Blue,-55,2,-36,57,19,-38,139,177,196,141
654,Red,-54,3,-35,57,19,-38,139,177,196,142
655,Yellow,-54,3,-36,57,18,-39,139,178,196,142
656,Red,-53,4,-35,57,18,-39,139,178,196,143
657,Green,-53,3,-35,56,18,-38,140,178,196,143
658,Green,-53,2,-35,55,18,-37,141,178,196,143
659,Red,-52,3,-34,55,18,-37,141,178,196,144
660,Yellow,-52,3,-35,55,17,-38,141,179,196,144
661,Yellow,-52,3,-36,55,16,-39,141,180,196,144
662,Blue,-53,3,-36,56,17,-39,141,180,197,144
663,Blue,-54,3,-36,57,18,-39,141,180,198,144
664,Green,-54,2,-36,56,18,-38,142,180,198,144
665,Yellow,-54,2,-37,56,17,-39,142,181,198,144
666,Blue,-55,2,-37,57,18,-39,142,181,199,144
667,Blue,-56,2,-37,58,19,-39,142,181,200,144
668,Blue,-57,2,-37,59,20,-39,142,181,201,144
669,Green,-57,1,-37,58,20,-38,143,181,201,144
670,Yellow,-57,1,-38,58,19,-39,143,182,201,144
671,Green,-57,0,-38,57,19,-38,144,182,201,144
672,Green,-57,-1,-38,56,19,-37,145,182,201,144
673,Blue,-58,-1,-38,57,20,-37,145,182,202,144
674,Blue,-59,-1,-38,58,21,-37,145,182,203,144
675,Green,-59,-2,-38,57,21,-36,146,182,203,144
676,Blue,-60,-2,-38,58,22,-36,146,182,204,144
677,Green,-60,-3,-38,57,22,-35,147,182,204,144
678,Red,-59,-2,-37,57,22,-35,147,182,204,145
679,Red,-58,-1,-36,57,22,-35,147,182,204,146
680,Red,-57,0,-35,57,22,-35,147,182,204,147
681,Green,-57,-1,-35,56,22,-34,148,182,204,147
682,Green,-57,-2,-35,55,22,-33,149,182,204,147
683,Blue,-58,-2,-35,56,23,-33,149,182,205,147
684,Green,-58,-3,-35,55,23,-32,150,182,205,147
685,Blue,-59,-3,-35,56,24,-32,150,182,206,147
686,Green,-59,-4,-35,55,24,-31,151,182,206,147
687,Blue,-60,-4,-35,56,25,-31,151,182,207,147
688,Blue,-61,-4,-35,57,26,-31,151,182,208,147
689,Red,-60,-3,-34,57,26,-31,151,182,208,148
690,Red,-59,-2,-33,57,26,-31,151,182,208,149
691,Red,-58,-1,-32,57,26,-31,151,182,208,150
692,Yellow,-58,-1,-33,57,25,-32,151,183,208,150
693,Green,-58,-2,-33,56,25,-31,152,183,208,150
694,Yellow,-58,-2,-34,56,24,-32,152,184,208,150
695,Yellow,-58,-2,-35,56,23,-33,152,185,208,150
696,Blue,-59,-2,-35,57,24,-33,152,185,209,150
697,Blue,-60,-2,-35,58,25,-33,152,185,210,150
698,Yellow,-60,-2,-36,58,24,-34,152,186,210,150
699,Green,-60,-3,-36,57,24,-33,153,186,210,150
700,Red,-59,-2,-35,57,24,-33,153,186,210,151
701,Yellow,-59,-2,-36,57,23,-34,153,187,210,151
702,Green,-59,-3,-36,56,23,-33,154,187,210,151
703,Red,-58,-2,-35,56,23,-33,154,187,210,152
704,Yellow,-58,-2,-36,56,22,-34,154,188,210,152
705,Red,-57,-1,-35,56,22,-34,154,188,210,153
706,Yellow,-57,-1,-36,56,21,-35,154,189,210,153
707,Green,-57,-2,-36,55,21,-34,155,189,210,153
708,Green,-57,-3,-36,54,21,-33,156,189,210,153
709,Blue,-58,-3,-36,55,22,-33,156,189,211,153
710,Green,-58,-4,-36,54,22,-32,157,189,211,153
711,Blue,-59,-4,-36,55,23,-32,157,189,212,153
712,Yellow,-59,-4,-37,55,22,-33,157,190,212,153
713,Green,-59,-5,-37,54,22,-32,158,190,212,153
714,Blue,-60,-5,-37,55,23,-32,158,190,213,153
715,Yellow,-60,-5,-38,55,22,-33,158,191,213,153
716,Blue,-61,-5,-38,56,23,-33,158,191,214,153
717,Blue,-62,-5,-38,57,24,-33,158,191,215,153
718,Yellow,-62,-5,-39,57,23,-34,158,192,215,153
719,Yellow,-62,-5,-40,57,22,-35,158,193,215,153
720,Red,-61,-4,-39,57,22,-35,158,193,215,154
721,Yellow,-61,-4,-40,57,21,-36,158,194,215,154
722,Red,-60,-3,-39,57,21,-36,158,194,215,155
723,Green,-60,-4,-39,56,21,-35,159,194,215,155
724,Blue,-61,-4,-39,57,22,-35,159,194,216,155
725,Green,-61,-5,-39,56,22,-34,160,194,216,155
726,Green,-61,-6,-39,55,22,-33,161,194,216,155
727,Green,-61,-7,-39,54,22,-32,162,194,216,155
728,Red,-60,-6,-38,54,22,-32,162,194,216,156
729,Green,-60,-7,-38,53,22,-31,163,194,216,156
730,Blue,-61,-7,-38,54,23,-31,163,194,217,156
731,Red,-60,-6,-37,54,23,-31,163,194,217,157
732,Blue,-61,-6,-37,55,24,-31,163,194,218,157
733,Yellow,-61,-6,-38,55,23,-32,163,195,218,157
734,Red,-60,-5,-37,55,23,-32,163,195,218,158
735,Yellow,-60,-5,-38,55,22,-33,163,196,218,158
736,Blue,-61,-5,-38,56,23,-33,163,196,219,158
737,Yellow,-61,-5,-39,56,22,-34,163,197,219,158
738,Blue,-62,-5,-39,57,23,-34,163,197,220,158
739,Green,-62,-6,-39,56,23,-33,164,197,220,158
740,Green,-62,-7,-39,55,23,-32,165,197,220,158
741,Green,-62,-8,-39,54,23,-31,166,197,220,158
742,Green,-62,-9,-39,53,23,-30,167,197,220,158
743,Yellow,-62,-9,-40,53,22,-31,167,198,220,158
744,Blue,-63,-9,-40,54,23,-31,167,198,221,158
745,Green,-63,-10,-40,53,23,-30,168,198,221,158
746,Green,-63,-11,-40,52,23,-29,169,198,221,158
747,Green,-63,-12,-40,51,23,-28,170,198,221,158
748,Red,-62,-11,-39,51,23,-28,170,198,221,159
749,Red,-61,-10,-38,51,23,-28,170,198,221,160
750,Blue,-62,-10,-38,52,24,-28,170,198,222,160
751,Green,-62,-11,-38,51,24,-27,171,198,222,160
752,Blue,-63,-11,-38,52,25,-27,171,198,223,160
753,Green,-63,-12,-38,51,25,-26,172,198,223,160
754,Green,-63,-13,-38,50,25,-25,173,198,223,160
755,Blue,-64,-13,-38,51,26,-25,173,198,224,160
756,Red,-63,-12,-37,51,26,-25,173,198,224,161
757,Green,-63,-13,-37,50,26,-24,174,198,224,161
758,Green,-63,-14,-37,49,26,-23,175,198,224,161
759,Green,-63,-15,-37,48,26,-22,176,198,224,161
760,Red,-62,-14,-36,48,26,-22,176,198,224,162
761,Blue,-63,-14,-36,49,27,-22,176,198,225,162
762,Yellow,-63,-14,-37,49,26,-23,176,199,225,162
763,Red,-62,-13,-36,49,26,-23,176,199,225,163
764,Red,-61,-12,-35,49,26,-23,176,199,225,164
765,Red,-60,-11,-34,49,26,-23,176,199,225,165
766,Yellow,-60,-11,-35,49,25,-24,176,200,225,165
767,Green,-60,-12,-35,48,25,-23,177,200,225,165
768,Blue,-61,-12,-35,49,26,-23,177,200,226,165
769,Red,-60,-11,-34,49,26,-23,177,200,226,166
770,Green,-60,-12,-34,48,26,-22,178,200,226,166
771,Red,-59,-11,-33,48,26,-22,178,200,226,167
772,Blue,-60,-11,-33,49,27,-22,178,200,227,167
773,Blue,-61,-11,-33,50,28,-22,178,200,228,167
774,Green,-61,-12,-33,49,28,-21,179,200,228,167
775,Green,-61,-13,-33,48,28,-20,180,200,228,167
776,Red,-60,-12,-32,48,28,-20,180,200,228,168
777,Yellow,-60,-12,-33,48,27,-21,180,201,228,168
778,Red,-59,-11,-32,48,27,-21,180,201,228,169
779,Red,-58,-10,-31,48,27,-21,180,201,228,170
780,Red,-57,-9,-30,48,27,-21,180,201,228,171
781,Blue,-58,-9,-30,49,28,-21,180,201,229,171
782,Green,-58,-10,-30,48,28,-20,181,201,229,171
783,Green,-58,-11,-30,47,28,-19,182,201,229,171
784,Green,-58,-12,-30,46,28,-18,183,201,229,171
785,Red,-57,-11,-29,46,28,-18,183,201,229,172
786,Red,-56,-10,-28,46,28,-18,183,201,229,173
787,Green,-56,-11,-28,45,28,-17,184,201,229,173
788,Green,-56,-12,-28,44,28,-16,185,201,229,173
789,Blue,-57,-12,-28,45,29,-16,185,201,230,173
790,Blue,-58,-12,-28,46,30,-16,185,201,231,173
791,Yellow,-58,-12,-29,46,29,-17,185,202,231,173
792,Red,-57,-11,-28,46,29,-17,185,202,231,174
793,Green,-57,-12,-28,45,29,-16,186,202,231,174
794,Yellow,-57,-12,-29,45,28,-17,186,203,231,174
795,Green,-57,-13,-29,44,28,-16,187,203,231,174
796,Blue,-58,-13,-29,45,29,-16,187,203,232,174
797,Green,-58,-14,-29,44,29,-15,188,203,232,174
798,Red,-57,-13,-28,44,29,-15,188,203,232,175
799,Red,-56,-12,-27,44,29,-15,188,203,232,176
800,Blue,-57,-12,-27,45,30,-15,188,203,233,176
801,Red,-56,-11,-26,45,30,-15,188,203,233,177
802,Red,-55,-10,-25,45,30,-15,188,203,233,178
803,Red,-54,-9,-24,45,30,-15,188,203,233,179
804,Blue,-55,-9,-24,46,31,-15,188,203,234,179
805,Yellow,-55,-9,-25,46,30,-16,188,204,234,179
806,Blue,-56,-9,-25,47,31,-16,188,204,235,179
807,Blue,-57,-9,-25,48,32,-16,188,204,236,179
808,Green,-57,-10,-25,47,32,-15,189,204,236,179
809,Yellow,-57,-10,-26,47,31,-16,189,205,236,179
810,Yellow,-57,-10,-27,47,30,-17,189,206,236,179
811,Green,-57,-11,-27,46,30,-16,190,206,236,179
812,Blue,-58,-11,-27,47,31,-16,190,206,237,179
813,Green,-58,-12,-27,46,31,-15,191,206,237,179
814,Green,-58,-13,-27,45,31,-14,192,206,237,179
815,Yellow,-58,-13,-28,45,30,-15,192,207,237,179
816,Blue,-59,-13,-28,46,31,-15,192,207,238,179
817,Blue,-60,-13,-28,47,32,-15,192,207,239,179
818,Green,-60,-14,-28,46,32,-14,193,207,239,179
819,Green,-60,-15,-28,45,32,-13,194,207,239,179
820,Blue,-61,-15,-28,46,33,-13,194,207,240,179
821,Blue,-62,-15,-28,47,34,-13,194,207,241,179
822,Blue,-63,-15,-28,48,35,-13,194,207,242,179
823,Red,-62,-14,-27,48,35,-13,194,207,242,180
824,Green,-62,-15,-27,47,35,-12,195,207,242,180
825,Yellow,-62,-15,-28,47,34,-13,195,208,242,180
826,Green,-62,-16,-28,46,34,-12,196,208,242,180
827,Yellow,-62,-16,-29,46,33,-13,196,209,242,180
828,Green,-62,-17,-29,45,33,-12,197,209,242,180
829,Blue,-63,-17,-29,46,34,-12,197,209,243,180
830,Green,-63,-18,-29,45,34,-11,198,209,243,180
831,Blue,-64,-18,-29,46,35,-11,198,209,244,180
832,Red,-63,-17,-28,46,35,-11,198,209,244,181
833,Red,-62,-16,-27,46,35,-11,198,209,244,182
834,Red,-61,-15,-26,46,35,-11,198,209,244,183
835,Yellow,-61,-15,-27,46,34,-12,198,210,244,183
836,Yellow,-61,-15,-28,46,33,-13,198,211,244,183
837,Blue,-62,-15,-28,47,34,-13,198,211,245,183
838,Yellow,-62,-15,-29,47,33,-14,198,212,245,183
839,Red,-61,-14,-28,47,33,-14,198,212,245,184
840,Blue,-62,-14,-28,48,34,-14,198,212,246,184
841,Yellow,-62,-14,-29,48,33,-15,198,213,246,184
842,Green,-62,-15,-29,47,33,-14,199,213,246,184
843,Yellow,-62,-15,-30,47,32,-15,199,214,246,184
844,Yellow,-62,-15,-31,47,31,-16,199,215,246,184
845,Green,-62,-16,-31,46,31,-15,200,215,246,184
846,Green,-62,-17,-31,45,31,-14,201,215,246,184
847,Blue,-63,-17,-31,46,32,-14,201,215,247,184
848,Red,-62,-16,-30,46,32,-14,201,215,247,185
849,Green,-62,-17,-30,45,32,-13,202,215,247,185
850,Red,-61,-16,-29,45,32,-13,202,215,247,186
851,Yellow,-61,-16,-30,45,31,-14,202,216,247,186
852,Green,-61,-17,-30,44,31,-13,203,216,247,186
853,Green,-61,-18,-30,43,31,-12,204,216,247,186
854,Red,-60,-17,-29,43,31,-12,204,216,247,187
855,Green,-60,-18,-29,42,31,-11,205,216,247,187
856,Red,-59,-17,-28,42,31,-11,205,216,247,188
857,Yellow,-59,-17,-29,42,30,-12,205,217,247,188
858,Green,-59,-18,-29,41,30,-11,206,217,247,188
859,Red,-58,-17,-28,41,30,-11,206,217,247,189
860,Green,-58,-18,-28,40,30,-10,207,217,247,189
861,Yellow,-58,-18,-29,40,29,-11,207,218,247,189
862,Green,-58,-19,-29,39,29,-10,208,218,247,189
863,Red,-57,-18,-28,39,29,-10,208,218,247,190
864,Green,-57,-19,-28,38,29,-9,209,218,247,190
865,Blue,-58,-19,-28,39,30,-9,209,218,248,190
866,Green,-58,-20,-28,38,30,-8,210,218,248,190
867,Green,-58,-21,-28,37,30,-7,211,218,248,190
868,Blue,-59,-21,-28,38,31,-7,211,218,249,190
869,Green,-59,-22,-28,37,31,-6,212,218,249,190
870,Blue,-60,-22,-28,38,32,-6,212,218,250,190
871,Green,-60,-23,-28,37,32,-5,213,218,250,190
872,Blue,-61,-23,-28,38,33,-5,213,218,251,190
873,Blue,-62,-23,-28,39,34,-5,213,218,252,190
874,Blue,-63,-23,-28,40,35,-5,213,218,253,190
875,Blue,-64,-23,-28,41,36,-5,213,218,254,190
876,Red,-63,-22,-27,41,36,-5,213,218,254,191
877,Red,-62,-21,-26,41,36,-5,213,218,254,192
878,Red,-61,-20,-25,41,36,-5,213,218,254,193
879,Blue,-62,-20,-25,42,37,-5,213,218,255,193
880,Yellow,-62,-20,-26,42,36,-6,213,219,255,193
881,Green,-62,-21,-26,41,36,-5,214,219,255,193
882,Yellow,-62,-21,-27,41,35,-6,214,220,255,193
883,Red,-61,-20,-26,41,35,-6,214,220,255,194
884,Yellow,-61,-20,-27,41,34,-7,214,221,255,194
885,Yellow,-61,-20,-28,41,33,-8,214,222,255,194
886,Green,-61,-21,-28,40,33,-7,215,222,255,194
887,Yellow,-61,-21,-29,40,32,-8,215,223,255,194
888,Green,-61,-22,-29,39,32,-7,216,223,255,194
889,Yellow,-61,-22,-30,39,31,-8,216,224,255,194
890,Green,-61,-23,-30,38,31,-7,217,224,255,194
891,Blue,-62,-23,-30,39,32,-7,217,224,256,194
892,Green,-62,-24,-30,38,32,-6,218,224,256,194
893,Red,-61,-23,-29,38,32,-6,218,224,256,195
894,Blue,-62,-23,-29,39,33,-6,218,224,257,195
895,Green,-62,-24,-29,38,33,-5,219,224,257,195
896,Green,-62,-25,-29,37,33,-4,220,224,257,195
897,Blue,-63,-25,-29,38,34,-4,220,224,258,195
898,Green,-63,-26,-29,37,34,-3,221,224,258,195
899,Red,-62,-25,-28,37,34,-3,221,224,258,196
900,Blue,-63,-25,-28,38,35,-3,221,224,259,196
901,Yellow,-63,-25,-29,38,34,-4,221,225,259,196
902,Green,-63,-26,-29,37,34,-3,222,225,259,196
903,Red,-62,-25,-28,37,34,-3,222,225,259,197
904,Red,-61,-24,-27,37,34,-3,222,225,259,198
905,Red,-60,-23,-26,37,34,-3,222,225,259,199
906,Green,-60,-24,-26,36,34,-2,223,225,259,199
907,Blue,-61,-24,-26,37,35,-2,223,225,260,199
908,Yellow,-61,-24,-27,37,34,-3,223,226,260,199
909,Green,-61,-25,-27,36,34,-2,224,226,260,199
910,Blue,-62,-25,-27,37,35,-2,224,226,261,199
911,Red,-61,-24,-26,37,35,-2,224,226,261,200
912,Green,-61,-25,-26,36,35,-1,225,226,261,200
913,Yellow,-61,-25,-27,36,34,-2,225,227,261,200
914,Red,-60,-24,-26,36,34,-2,225,227,261,201
915,Green,-60,-25,-26,35,34,-1,226,227,261,201
916,Yellow,-60,-25,-27,35,33,-2,226,228,261,201
917,Red,-59,-24,-26,35,33,-2,226,228,261,202
918,Red,-58,-23,-25,35,33,-2,226,228,261,203
919,Yellow,-58,-23,-26,35,32,-3,226,229,261,203
920,Yellow,-58,-23,-27,35,31,-4,226,230,261,203
921,Green,-58,-24,-27,34,31,-3,227,230,261,203
922,Green,-58,-25,-27,33,31,-2,228,230,261,203
923,Green,-58,-26,-27,32,31,-1,229,230,261,203
924,Red,-57,-25,-26,32,31,-1,229,230,261,204
925,Yellow,-57,-25,-27,32,30,-2,229,231,261,204
926,Green,-57,-26,-27,31,30,-1,230,231,261,204
927,Green,-57,-27,-27,30,30,0,231,231,261,204
928,Red,-56,-26,-26,30,30,0,231,231,261,205
929,Yellow,-56,-26,-27,30,29,-1,231,232,261,205
930,Blue,-57,-26,-27,31,30,-1,231,232,262,205
931,Blue,-58,-26,-27,32,31,-1,231,232,263,205
932,Green,-58,-27,-27,31,31,0,232,232,263,205
933,Yellow,-58,-27,-28,31,30,-1,232,233,263,205
934,Yellow,-58,-27,-29,31,29,-2,232,234,263,205
935,Blue,-59,-27,-29,32,30,-2,232,234,264,205
936,Red,-58,-26,-28,32,30,-2,232,234,264,206
937,Yellow,-58,-26,-29,32,29,-3,232,235,264,206
938,Red,-57,-25,-28,32,29,-3,232,235,264,207
939,Blue,-58,-25,-28,33,30,-3,232,235,265,207
940,Red,-57,-24,-27,33,30,-3,232,235,265,208
941,Red,-56,-23,-26,33,30,-3,232,235,265,209
942,Red,-55,-22,-25,33,30,-3,232,235,265,210
943,Blue,-56,-22,-25,34,31,-3,232,235,266,210
944,Red,-55,-21,-24,34,31,-3,232,235,266,211
945,Green,-55,-22,-24,33,31,-2,233,235,266,211
946,Yellow,-55,-22,-25,33,30,-3,233,236,266,211
947,Yellow,-55,-22,-26,33,29,-4,233,237,266,211
948,Yellow,-55,-22,-27,33,28,-5,233,238,266,211
949,Green,-55,-23,-27,32,28,-4,234,238,266,211
950,Green,-55,-24,-27,31,28,-3,235,238,266,211
951,Green,-55,-25,-27,30,28,-2,236,238,266,211
952,Blue,-56,-25,-27,31,29,-2,236,238,267,211
953,Blue,-57,-25,-27,32,30,-2,236,238,268,211
954,Green,-57,-26,-27,31,30,-1,237,238,268,211
955,Yellow,-57,-26,-28,31,29,-2,237,239,268,211
956,Green,-57,-27,-28,30,29,-1,238,239,268,211
957,Yellow,-57,-27,-29,30,28,-2,238,240,268,211
958,Green,-57,-28,-29,29,28,-1,239,240,268,211
959,Green,-57,-29,-29,28,28,0,240,240,268,211
960,Green,-57,-30,-29,27,28,1,241,240,268,211
961,Yellow,-57,-30,-30,27,27,0,241,241,268,211
962,Yellow,-57,-30,-31,27,26,-1,241,242,268,211
963,Blue,-58,-30,-31,28,27,-1,241,242,269,211
964,Yellow,-58,-30,-32,28,26,-2,241,243,269,211
965,Red,-57,-29,-31,28,26,-2,241,243,269,212
966,Red,-56,-28,-30,28,26,-2,241,243,269,213
967,Red,-55,-27,-29,28,26,-2,241,243,269,214
968,Yellow,-55,-27,-30,28,25,-3,241,244,269,214
969,Yellow,-55,-27,-31,28,24,-4,241,245,269,214
970,Green,-55,-28,-31,27,24,-3,242,245,269,214
971,Red,-54,-27,-30,27,24,-3,242,245,269,215
972,Green,-54,-28,-30,26,24,-2,243,245,269,215
973,Blue,-55,-28,-30,27,25,-2,243,245,270,215
974,Yellow,-55,-28,-31,27,24,-3,243,246,270,215
975,Green,-55,-29,-31,26,24,-2,244,246,270,215
976,Red,-54,-28,-30,26,24,-2,244,246,270,216
977,Green,-54,-29,-30,25,24,-1,245,246,270,216
978,Red,-53,-28,-29,25,24,-1,245,246,270,217
979,Yellow,-53,-28,-30,25,23,-2,245,247,270,217
980,Green,-53,-29,-30,24,23,-1,246,247,270,217
981,Blue,-54,-29,-30,25,24,-1,246,247,271,217
982,Blue,-55,-29,-30,26,25,-1,246,247,272,217
983,Red,-54,-28,-29,26,25,-1,246,247,272,218
984,Green,-54,-29,-29,25,25,0,247,247,272,218
985,Green,-54,-30,-29,24,25,1,248,247,272,218
986,Green,-54,-31,-29,23,25,2,249,247,272,218
987,Blue,-55,-31,-29,24,26,2,249,247,273,218
988,Red,-54,-30,-28,24,26,2,249,247,273,219
989,Yellow,-54,-30,-29,24,25,1,249,248,273,219
990,Green,-54,-31,-29,23,25,2,250,248,273,219
991,Green,-54,-32,-29,22,25,3,251,248,273,219
992,Red,-53,-31,-28,22,25,3,251,248,273,220
993,Yellow,-53,-31,-29,22,24,2,251,249,273,220
994,Green,-53,-32,-29,21,24,3,252,249,273,220
995,Yellow,-53,-32,-30,21,23,2,252,250,273,220
996,Red,-52,-31,-29,21,23,2,252,250,273,221
997,Red,-51,-30,-28,21,23,2,252,250,273,222
998,Yellow,-51,-30,-29,21,22,1,252,251,273,222
999,Blue,-52,-30,-29,22,23,1,252,251,274,222
1000,Yellow,-52,-30,-30,22,22,0,252,252,274,222
