index,color,Red-Blue,prefix_Red,prefix_Blue
1,Red,1,1,0
2,Blue,0,1,1
3,Blue,-1,1,2
4,Blue,-2,1,3
5,Red,-1,2,3
6,Blue,-2,2,4
7,Blue,-3,2,5
8,Blue,-4,2,6
9,Blue,-5,2,7
10,Blue,-6,2,8
11,Red,-5,3,8
12,Blue,-6,3,9
13,Blue,-7,3,10
14,Red,-6,4,10
15,Red,-5,5,10
16,Blue,-6,5,11
17,Red,-5,6,11
18,Blue,-6,6,12
19,Blue,-7,6,13
20,Blue,-8,6,14
21,Blue,-9,6,15
22,Blue,-10,6,16
23,Red,-9,7,16
24,Blue,-10,7,17
25,Blue,-11,7,18
26,Blue,-12,7,19
27,Red,-11,8,19
28,Red,-10,9,19
29,Red,-9,10,19
30,Red,-8,11,19
31,Red,-7,12,19
32,Blue,-8,12,20
33,Blue,-9,12,21
34,Red,-8,13,21
35,Red,-7,14,21
36,Blue,-8,14,22
37,Red,-7,15,22
38,Red,-6,16,22
39,Blue,-7,16,23
40,Blue,-8,16,24
41,Blue,-9,16,25
42,Blue,-10,16,26
43,Red,-9,17,26
44,Blue,-10,17,27
45,Blue,-11,17,28
46,Blue,-12,17,29
47,Red,-11,18,29
48,Blue,-12,18,30
49,Blue,-13,18,31
50,Blue,-14,18,32
51,Blue,-15,18,33
52,Red,-14,19,33
53,Blue,-15,19,34
54,Red,-14,20,34
55,Blue,-15,20,35
56,Blue,-16,20,36
57,Blue,-17,20,37
58,Red,-16,21,37
59,Blue,-17,21,38
60,Blue,-18,21,39
61,Red,-17,22,39
62,Red,-16,23,39
63,Blue,-17,23,40
64,Red,-16,24,40
65,Red,-15,25,40
66,Blue,-16,25,41
67,Blue,-17,25,42
68,Blue,-18,25,43
69,Blue,-19,25,44
70,Blue,-20,25,45
71,Blue,-21,25,46
72,Blue,-22,25,47
73,Red,-21,26,47
74,Blue,-22,26,48
75,Red,-21,27,48
76,Blue,-22,27,49
77,Red,-21,28,49
78,Red,-20,29,49
79,Blue,-21,29,50
80,Blue,-22,29,51
81,Blue,-23,29,52
82,Blue,-24,29,53
83,Red,-23,30,53
84,Blue,-24,30,54
85,Red,-23,31,54
86,Blue,-24,31,55
87,Red,-23,32,55
88,Blue,-24,32,56
89,Red,-23,33,56
90,Blue,-24,33,57
91,Red,-23,34,57
92,Red,-22,35,57
93,Blue,-23,35,58
94,Blue,-24,35,59
95,Red,-23,36,59
96,Blue,-24,36,60
97,Red,-23,37,60
98,Blue,-24,37,61
99,Blue,-25,37,62
100,Blue,-26,37,63
