index,color,Red-Blue,Red-Green,Red-Yellow,Red-Black,Blue-Green,Blue-Yellow,Blue-Black,Green-Yellow,Green-Black,Yellow-Black,prefix_Black,prefix_Yellow,prefix_Green,prefix_Red,prefix_Blue
1,Black,0,0,0,-1,0,0,-1,0,-1,-1,1,0,0,0,0
2,Yellow,0,0,-1,-1,0,-1,-1,-1,-1,0,1,1,0,0,0
3,Black,0,0,-1,-2,0,-1,-2,-1,-2,-1,2,1,0,0,0
4,Black,0,0,-1,-3,0,-1,-3,-1,-3,-2,3,1,0,0,0
5,Yellow,0,0,-2,-3,0,-2,-3,-2,-3,-1,3,2,0,0,0
6,Black,0,0,-2,-4,0,-2,-4,-2,-4,-2,4,2,0,0,0
7,Yellow,0,0,-3,-4,0,-3,-4,-3,-4,-1,4,3,0,0,0
8,Green,0,-1,-3,-4,-1,-3,-4,-2,-3,-1,4,3,1,0,0
9,Black,0,-1,-3,-5,-1,-3,-5,-2,-4,-2,5,3,1,0,0
10,Black,0,-1,-3,-6,-1,-3,-6,-2,-5,-3,6,3,1,0,0
11,Red,1,0,-2,-5,-1,-3,-6,-2,-5,-3,6,3,1,1,0
12,Yellow,1,0,-3,-5,-1,-4,-6,-3,-5,-2,6,4,1,1,0
13,Green,1,-1,-3,-5,-2,-4,-6,-2,-4,-2,6,4,2,1,0
14,Yellow,1,-1,-4,-5,-2,-5,-6,-3,-4,-1,6,5,2,1,0
15,Red,2,0,-3,-4,-2,-5,-6,-3,-4,-1,6,5,2,2,0
16,Yellow,2,0,-4,-4,-2,-6,-6,-4,-4,0,6,6,2,2,0
17,Black,2,0,-4,-5,-2,-6,-7,-4,-5,-1,7,6,2,2,0
18,Black,2,0,-4,-6,-2,-6,-8,-4,-6,-2,8,6,2,2,0
19,Black,2,0,-4,-7,-2,-6,-9,-4,-7,-3,9,6,2,2,0
20,Red,3,1,-3,-6,-2,-6,-9,-4,-7,-3,9,6,2,3,0
21,Black,3,1,-3,-7,-2,-6,-10,-4,-8,-4,10,6,2,3,0
22,Black,3,1,-3,-8,-2,-6,-11,-4,-9,-5,11,6,2,3,0
23,Green,3,0,-3,-8,-3,-6,-11,-3,-8,-5,11,6,3,3,0
24,Red,4,1,-2,-7,-3,-6,-11,-3,-8,-5,11,6,3,4,0
25,Blue,3,1,-2,-7,-2,-5,-10,-3,-8,-5,11,6,3,4,1
26,Green,3,0,-2,-7,-3,-5,-10,-2,-7,-5,11,6,4,4,1
27,Red,4,1,-1,-6,-3,-5,-10,-2,-7,-5,11,6,4,5,1
28,Yellow,4,1,-2,-6,-3,-6,-10,-3,-7,-4,11,7,4,5,1
29,Red,5,2,-1,-5,-3,-6,-10,-3,-7,-4,11,7,4,6,1
30,Blue,4,2,-1,-5,-2,-5,-9,-3,-7,-4,11,7,4,6,2
31,Yellow,4,2,-2,-5,-2,-6,-9,-4,-7,-3,11,8,4,6,2
32,Green,4,1,-2,-5,-3,-6,-9,-3,-6,-3,11,8,5,6,2
33,Green,4,0,-2,-5,-4,-6,-9,-2,-5,-3,11,8,6,6,2
34,Red,5,1,-1,-4,-4,-6,-9,-2,-5,-3,11,8,6,7,2
35,Red,6,2,0,-3,-4,-6,-9,-2,-5,-3,11,8,6,8,2
36,Yellow,6,2,-1,-3,-4,-7,-9,-3,-5,-2,11,9,6,8,2
37,Yellow,6,2,-2,-3,-4,-8,-9,-4,-5,-1,11,10,6,8,2
38,Green,6,1,-2,-3,-5,-8,-9,-3,-4,-1,11,10,7,8,2
39,Red,7,2,-1,-2,-5,-8,-9,-3,-4,-1,11,10,7,9,2
40,Blue,6,2,-1,-2,-4,-7,-8,-3,-4,-1,11,10,7,9,3
41,Blue,5,2,-1,-2,-3,-6,-7,-3,-4,-1,11,10,7,9,4
42,Yellow,5,2,-2,-2,-3,-7,-7,-4,-4,0,11,11,7,9,4
43,Blue,4,2,-2,-2,-2,-6,-6,-4,-4,0,11,11,7,9,5
44,Black,4,2,-2,-3,-2,-6,-7,-4,-5,-1,12,11,7,9,5
45,Green,4,1,-2,-3,-3,-6,-7,-3,-4,-1,12,11,8,9,5
46,Green,4,0,-2,-3,-4,-6,-7,-2,-3,-1,12,11,9,9,5
47,Yellow,4,0,-3,-3,-4,-7,-7,-3,-3,0,12,12,9,9,5
48,Black,4,0,-3,-4,-4,-7,-8,-3,-4,-1,13,12,9,9,5
49,Yellow,4,0,-4,-4,-4,-8,-8,-4,-4,0,13,13,9,9,5
50,Black,4,0,-4,-5,-4,-8,-9,-4,-5,-1,14,13,9,9,5
51,Blue,3,0,-4,-5,-3,-7,-8,-4,-5,-1,14,13,9,9,6
52,Blue,2,0,-4,-5,-2,-6,-7,-4,-5,-1,14,13,9,9,7
53,Blue,1,0,-4,-5,-1,-5,-6,-4,-5,-1,14,13,9,9,8
54,Yellow,1,0,-5,-5,-1,-6,-6,-5,-5,0,14,14,9,9,8
55,Yellow,1,0,-6,-5,-1,-7,-6,-6,-5,1,14,15,9,9,8
56,Green,1,-1,-6,-5,-2,-7,-6,-5,-4,1,14,15,10,9,8
57,Blue,0,-1,-6,-5,-1,-6,-5,-5,-4,1,14,15,10,9,9
58,Black,0,-1,-6,-6,-1,-6,-6,-5,-5,0,15,15,10,9,9
59,Green,0,-2,-6,-6,-2,-6,-6,-4,-4,0,15,15,11,9,9
60,Red,1,-1,-5,-5,-2,-6,-6,-4,-4,0,15,15,11,10,9
61,Blue,0,-1,-5,-5,-1,-5,-5,-4,-4,0,15,15,11,10,10
62,Yellow,0,-1,-6,-5,-1,-6,-5,-5,-4,1,15,16,11,10,10
63,Green,0,-2,-6,-5,-2,-6,-5,-4,-3,1,15,16,12,10,10
64,Black,0,-2,-6,-6,-2,-6,-6,-4,-4,0,16,16,12,10,10
65,Red,1,-1,-5,-5,-2,-6,-6,-4,-4,0,16,16,12,11,10
66,Black,1,-1,-5,-6,-2,-6,-7,-4,-5,-1,17,16,12,11,10
67,Blue,0,-1,-5,-6,-1,-5,-6,-4,-5,-1,17,16,12,11,11
68,Black,0,-1,-5,-7,-1,-5,-7,-4,-6,-2,18,16,12,11,11
69,Blue,-1,-1,-5,-7,0,-4,-6,-4,-6,-2,18,16,12,11,12
70,Red,0,0,-4,-6,0,-4,-6,-4,-6,-2,18,16,12,12,12
71,Blue,-1,0,-4,-6,1,-3,-5,-4,-6,-2,18,16,12,12,13
72,Red,0,1,-3,-5,1,-3,-5,-4,-6,-2,18,16,12,13,13
73,Black,0,1,-3,-6,1,-3,-6,-4,-7,-3,19,16,12,13,13
74,Blue,-1,1,-3,-6,2,-2,-5,-4,-7,-3,19,16,12,13,14
75,Black,-1,1,-3,-7,2,-2,-6,-4,-8,-4,20,16,12,13,14
76,Blue,-2,1,-3,-7,3,-1,-5,-4,-8,-4,20,16,12,13,15
77,Yellow,-2,1,-4,-7,3,-2,-5,-5,-8,-3,20,17,12,13,15
78,Blue,-3,1,-4,-7,4,-1,-4,-5,-8,-3,20,17,12,13,16
79,Green,-3,0,-4,-7,3,-1,-4,-4,-7,-3,20,17,13,13,16
80,Green,-3,-1,-4,-7,2,-1,-4,-3,-6,-3,20,17,14,13,16
81,Green,-3,-2,-4,-7,1,-1,-4,-2,-5,-3,20,17,15,13,16
82,Red,-2,-1,-3,-6,1,-1,-4,-2,-5,-3,20,17,15,14,16
83,Blue,-3,-1,-3,-6,2,0,-3,-2,-5,-3,20,17,15,14,17
84,Red,-2,0,-2,-5,2,0,-3,-2,-5,-3,20,17,15,15,17
85,Black,-2,0,-2,-6,2,0,-4,-2,-6,-4,21,17,15,15,17
86,Blue,-3,0,-2,-6,3,1,-3,-2,-6,-4,21,17,15,15,18
87,Red,-2,1,-1,-5,3,1,-3,-2,-6,-4,21,17,15,16,18
88,Black,-2,1,-1,-6,3,1,-4,-2,-7,-5,22,17,15,16,18
89,Black,-2,1,-1,-7,3,1,-5,-2,-8,-6,23,17,15,16,18
90,Green,-2,0,-1,-7,2,1,-5,-1,-7,-6,23,17,16,16,18
91,Red,-1,1,0,-6,2,1,-5,-1,-7,-6,23,17,16,17,18
92,Yellow,-1,1,-1,-6,2,0,-5,-2,-7,-5,23,18,16,17,18
93,Black,-1,1,-1,-7,2,0,-6,-2,-8,-6,24,18,16,17,18
94,Blue,-2,1,-1,-7,3,1,-5,-2,-8,-6,24,18,16,17,19
95,Yellow,-2,1,-2,-7,3,0,-5,-3,-8,-5,24,19,16,17,19
96,Green,-2,0,-2,-7,2,0,-5,-2,-7,-5,24,19,17,17,19
97,Black,-2,0,-2,-8,2,0,-6,-2,-8,-6,25,19,17,17,19
98,Red,-1,1,-1,-7,2,0,-6,-2,-8,-6,25,19,17,18,19
99,Red,0,2,0,-6,2,0,-6,-2,-8,-6,25,19,17,19,19
100,Red,1,3,1,-5,2,0,-6,-2,-8,-6,25,19,17,20,19
