100
2 Dims + Color
16.017000 2.074000 3
5.698000 5.248000 3
0.379000 8.975000 3
1.178000 427.114000 1
87.611000 184.686000 1
0.355000 10.971000 3
26.307000 295.753000 1
2.171000 7.293000 3
4.530000 7.574000 3
755.250000 1174.760000 2
759.590000 1723.670000 2
0.463000 10.218000 3
759.250000 1735.830000 2
1.870000 6.985000 3
83.102000 91.192000 1
9.755000 1.260000 3
182.931000 26.950000 1
153.176000 26.928000 1
2820.210000 299.460000 2
11.317000 0.349000 3
11.321000 0.349000 3
424.301000 15.416000 1
1829.180000 2616.130000 2
243.454000 53.011000 1
120.882000 134.147000 1
120.882000 134.162000 1
12.996000 4.952000 3
1.441000 6.743000 3
49.367000 150.825000 1
854.140000 2456.870000 2
3.483000 5.801000 3
47.556000 145.555000 1
18.383000 371.241000 1
854.150000 2454.040000 2
42.453000 369.918000 1
3.016000 5.853000 3
42.394000 240.659000 1
893.610000 4585.240000 2
686.650000 2806.880000 2
248.330000 3170.430000 2
63.235000 258.009000 1
4.559000 10.619000 3
2236.260000 996.020000 2
2200.310000 996.990000 2
94.803000 82.464000 1
2200.370000 818.370000 2
134.806000 27.633000 1
1.586000 10.472000 3
2215.750000 1325.270000 2
2288.000000 1325.260000 2
83.518000 101.393000 1
0.640000 10.548000 3
4.339000 313.038000 1
0.100000 22.889000 3
2.842000 315.196000 1
1.494000 19.405000 3
76.349000 293.987000 1
307.790000 2710.890000 2
39.972000 311.511000 1
2.486000 20.991000 3
559.070000 1973.950000 2
52.605000 153.233000 1
8.053000 152.531000 1
23.725000 330.564000 1
144.474000 387.470000 1
138.956000 160.421000 1
2718.290000 248.540000 2
13.143000 3.771000 3
254.139000 71.535000 1
12.987000 3.725000 3
12.993000 4.513000 3
0.030000 0.406000 3
1885.380000 1142.840000 2
148.626000 95.138000 1
4.840000 8.873000 3
135.180000 56.133000 1
133.303000 36.805000 1
4.928000 4.562000 3
1091.790000 1600.850000 2
124.557000 56.092000 1
1091.790000 1927.490000 2
101.430000 104.449000 1
3.526000 4.769000 3
1454.090000 1927.480000 2
120.250000 67.632000 1
4.374000 4.886000 3
4.584000 4.592000 3
113.339000 69.568000 1
4.567000 4.541000 3
38.407000 109.196000 1
5.561000 4.702000 3
115.498000 69.883000 1
38.352000 109.186000 1
102.015000 70.025000 1
5.459000 5.197000 3
2014.330000 1500.170000 2
103.284000 58.793000 1
5.472000 3.768000 3
2014.330000 1046.670000 2
103.356000 56.516000 1
