500
2 Dims + Color
16.017000 2.074000 3
5.698000 5.248000 3
0.379000 8.975000 3
1.178000 427.114000 1
87.611000 184.686000 1
0.355000 10.971000 3
26.307000 295.753000 1
2.171000 7.293000 3
4.530000 7.574000 3
755.250000 1174.760000 2
759.590000 1723.670000 2
0.463000 10.218000 3
759.250000 1735.830000 2
1.870000 6.985000 3
83.102000 91.192000 1
9.755000 1.260000 3
182.931000 26.950000 1
153.176000 26.928000 1
2820.210000 299.460000 2
11.317000 0.349000 3
11.321000 0.349000 3
424.301000 15.416000 1
1829.180000 2616.130000 2
243.454000 53.011000 1
120.882000 134.147000 1
120.882000 134.162000 1
12.996000 4.952000 3
1.441000 6.743000 3
49.367000 150.825000 1
854.140000 2456.870000 2
3.483000 5.801000 3
47.556000 145.555000 1
18.383000 371.241000 1
854.150000 2454.040000 2
42.453000 369.918000 1
3.016000 5.853000 3
42.394000 240.659000 1
893.610000 4585.240000 2
686.650000 2806.880000 2
248.330000 3170.430000 2
63.235000 258.009000 1
4.559000 10.619000 3
2236.260000 996.020000 2
2200.310000 996.990000 2
94.803000 82.464000 1
2200.370000 818.370000 2
134.806000 27.633000 1
1.586000 10.472000 3
2215.750000 1325.270000 2
2288.000000 1325.260000 2
83.518000 101.393000 1
0.640000 10.548000 3
4.339000 313.038000 1
0.100000 22.889000 3
2.842000 315.196000 1
1.494000 19.405000 3
76.349000 293.987000 1
307.790000 2710.890000 2
39.972000 311.511000 1
2.486000 20.991000 3
559.070000 1973.950000 2
52.605000 153.233000 1
8.053000 152.531000 1
23.725000 330.564000 1
144.474000 387.470000 1
138.956000 160.421000 1
2718.290000 248.540000 2
13.143000 3.771000 3
254.139000 71.535000 1
12.987000 3.725000 3
12.993000 4.513000 3
0.030000 0.406000 3
1885.380000 1142.840000 2
148.626000 95.138000 1
4.840000 8.873000 3
135.180000 56.133000 1
133.303000 36.805000 1
4.928000 4.562000 3
1091.790000 1600.850000 2
124.557000 56.092000 1
1091.790000 1927.490000 2
101.430000 104.449000 1
3.526000 4.769000 3
1454.090000 1927.480000 2
120.250000 67.632000 1
4.374000 4.886000 3
4.584000 4.592000 3
113.339000 69.568000 1
4.567000 4.541000 3
38.407000 109.196000 1
5.561000 4.702000 3
115.498000 69.883000 1
38.352000 109.186000 1
102.015000 70.025000 1
5.459000 5.197000 3
2014.330000 1500.170000 2
103.284000 58.793000 1
5.472000 3.768000 3
2014.330000 1046.670000 2
103.356000 56.516000 1
1560.330000 1099.990000 2
1970.820000 1047.990000 2
5.201000 4.600000 3
5.207000 4.600000 3
103.472000 50.366000 1
1973.260000 1048.000000 2
1962.850000 1047.990000 2
2679.490000 1403.110000 2
6.887000 0.519000 3
6.626000 1.881000 3
2141.300000 984.090000 2
6.612000 0.466000 3
2181.920000 1050.030000 2
261.724000 103.429000 1
42.933000 111.124000 1
3.983000 5.494000 3
1909.910000 1154.820000 2
1909.900000 1346.920000 2
1461.370000 2069.680000 2
1247.030000 3203.890000 2
1.533000 18.860000 3
11.427000 457.558000 1
11.270000 490.849000 1
11.258000 520.835000 1
458.610000 2416.960000 2
11.268000 498.859000 1
458.610000 2416.840000 2
0.227000 21.603000 3
4.803000 12.344000 3
1907.820000 2759.150000 2
88.215000 181.930000 1
2.803000 14.560000 3
66.645000 289.640000 1
86.956000 160.044000 1
88.539000 108.715000 1
95.139000 58.726000 1
6.563000 6.134000 3
6.625000 5.972000 3
6.239000 2.160000 3
181.834000 19.781000 1
1966.950000 2031.160000 2
121.559000 78.890000 1
1901.830000 2241.280000 2
103.545000 58.657000 1
597.340000 2381.780000 2
3.211000 5.859000 3
250.730000 3865.900000 2
1406.170000 2394.550000 2
2069.520000 752.520000 2
6.148000 5.175000 3
1478.900000 1204.800000 2
5.296000 5.872000 3
1995.340000 954.520000 2
1995.350000 954.730000 2
6.016000 161.564000 1
2125.430000 838.640000 2
140.386000 42.530000 1
1482.250000 1059.890000 2
2.284000 6.741000 3
125.953000 27.567000 1
4.153000 7.076000 3
220.200000 45.212000 1
4.224000 7.012000 3
1.815000 21.337000 3
4.092000 18.080000 3
96.458000 51.866000 1
164.155000 10.943000 1
6.652000 3.432000 3
1955.290000 854.830000 2
1955.380000 867.290000 2
138.297000 93.063000 1
7.051000 1.829000 3
2008.660000 1215.370000 2
361.081000 12.509000 1
280.085000 74.504000 1
6.051000 6.468000 3
261.421000 80.364000 1
6.546000 6.570000 3
2036.740000 1363.280000 2
256.472000 77.842000 1
1548.870000 1342.530000 2
251.370000 4748.500000 2
30.034000 342.845000 1
3.750000 11.673000 3
4.790000 10.855000 3
561.170000 3384.370000 2
6.529000 9.186000 3
12.974000 204.716000 1
222.671000 367.301000 1
2.424000 10.536000 3
1450.430000 2160.940000 2
0.872000 357.913000 1
0.292000 21.125000 3
297.240000 3364.030000 2
4.154000 309.526000 1
1541.340000 3055.050000 2
325.491000 0.019000 1
2254.220000 671.290000 2
437.725000 5.562000 1
2426.930000 2036.770000 2
1451.430000 1888.820000 2
205.945000 59.540000 1
316.178000 37.184000 1
19.871000 1.139000 3
342.899000 2.323000 1
20.852000 4.392000 3
1479.290000 1948.170000 2
21.081000 0.326000 3
390.171000 7.315000 1
2692.670000 1155.780000 2
379.139000 6.395000 1
2692.680000 1155.790000 2
7.247000 0.431000 3
375.086000 6.204000 1
2185.630000 1148.110000 2
12.977000 5.356000 3
323.280000 6.389000 1
260.382000 49.284000 1
2868.120000 1149.280000 2
345.532000 11.233000 1
1970.120000 2056.970000 2
2060.070000 1690.500000 2
2043.100000 1690.490000 2
287.291000 94.095000 1
2063.950000 1690.560000 2
266.634000 94.105000 1
11.723000 3.367000 3
11.788000 2.775000 3
2066.760000 1697.800000 2
3017.870000 349.050000 2
230.771000 91.823000 1
3017.360000 203.440000 2
221.202000 5.869000 1
14.897000 0.262000 3
14.166000 0.145000 3
3085.470000 235.010000 2
23.798000 1.454000 3
319.699000 21.066000 1
281.729000 64.508000 1
3608.620000 869.390000 2
376.366000 10.925000 1
20.060000 0.292000 3
388.110000 11.050000 1
2955.060000 273.940000 2
363.325000 16.631000 1
13.978000 0.100000 3
369.859000 14.701000 1
5.477000 10.735000 3
4.385000 7.649000 3
87.544000 81.128000 1
87.525000 83.550000 1
1727.950000 1625.680000 2
92.649000 53.929000 1
2480.000000 238.630000 2
4.674000 1.576000 3
2480.080000 1032.960000 2
2480.090000 507.570000 2
15.180000 3.803000 3
15.357000 4.165000 3
1695.520000 1969.960000 2
2.263000 7.524000 3
1699.850000 1737.650000 2
751.980000 2314.730000 2
4.687000 321.705000 1
0.191000 17.348000 3
1.507000 15.372000 3
18.924000 225.200000 1
1362.580000 2575.090000 2
75.648000 170.411000 1
68.541000 375.446000 1
1072.440000 2467.620000 2
1072.780000 2467.950000 2
13.045000 404.451000 1
0.108000 25.555000 3
1486.910000 2292.330000 2
16.631000 389.260000 1
1883.020000 1525.120000 2
2578.790000 742.390000 2
3.259000 18.694000 3
2617.740000 1109.140000 2
134.645000 23.629000 1
2.833000 18.552000 3
2616.870000 1190.160000 2
134.645000 23.857000 1
2690.030000 264.510000 2
4.270000 18.003000 3
2602.720000 892.190000 2
4.538000 14.833000 3
4.438000 13.242000 3
8.683000 317.370000 1
70.639000 91.421000 1
1972.480000 1732.670000 2
188.641000 20.884000 1
1989.980000 1004.860000 2
172.764000 23.487000 1
7.183000 11.466000 3
7.330000 2.474000 3
8.326000 0.460000 3
225.240000 21.456000 1
4121.550000 404.360000 2
338.235000 14.158000 1
4123.290000 46.000000 2
40.872000 0.934000 3
477.956000 30.670000 1
14.612000 0.122000 3
2983.640000 826.280000 2
59.287000 160.834000 1
24.008000 311.289000 1
34.690000 4013.480000 2
1481.740000 1672.450000 2
47.086000 349.495000 1
1947.120000 1205.130000 2
0.026000 18.988000 3
64.146000 282.794000 1
5.617000 10.708000 3
4.224000 10.758000 3
4.381000 10.832000 3
2941.660000 551.560000 2
2.424000 10.837000 3
4.271000 3.927000 3
2041.390000 1562.770000 2
58.371000 166.776000 1
58.371000 168.234000 1
1.174000 8.558000 3
3340.260000 164.900000 2
4.562000 4.106000 3
3.715000 5.424000 3
90.387000 214.327000 1
1606.690000 1537.270000 2
4.554000 3.897000 3
4.483000 4.430000 3
25.866000 143.300000 1
4.355000 4.434000 3
2276.250000 748.120000 2
4.465000 5.850000 3
1521.740000 1215.820000 2
42.190000 280.184000 1
1280.050000 1990.770000 2
84.968000 280.747000 1
0.231000 10.325000 3
1210.260000 2208.000000 2
0.225000 7.768000 3
64.895000 349.745000 1
287.260000 2978.370000 2
0.004000 10.104000 3
0.509000 12.194000 3
65.364000 291.430000 1
1311.330000 2897.830000 2
2707.190000 1160.400000 2
2708.190000 1160.410000 2
7.148000 3.113000 3
2084.080000 1099.250000 2
1691.530000 1290.980000 2
1.938000 6.881000 3
1794.300000 1090.720000 2
382.408000 43.100000 1
2922.750000 277.290000 2
302.480000 31.611000 1
2936.110000 277.350000 2
9.011000 1.553000 3
10.497000 0.110000 3
3935.050000 484.830000 2
8.267000 1.515000 3
127.367000 37.221000 1
8.249000 1.558000 3
61.743000 114.516000 1
387.950000 2457.320000 2
1644.610000 1138.010000 2
41.563000 289.000000 1
1676.300000 1153.060000 2
4.675000 4.977000 3
1232.840000 1091.990000 2
37.937000 216.126000 1
1352.660000 892.000000 2
1352.650000 892.070000 2
39.753000 218.792000 1
1429.090000 792.080000 2
6.375000 14.683000 3
21.802000 421.830000 1
0.493000 15.617000 3
54.530000 364.818000 1
657.420000 3578.200000 2
1905.380000 1822.210000 2
1.589000 10.966000 3
1419.230000 1918.750000 2
80.701000 156.508000 1
122.999000 96.792000 1
1928.620000 1835.320000 2
2508.840000 951.020000 2
2515.730000 950.780000 2
14.914000 1.073000 3
2518.750000 950.790000 2
169.136000 148.825000 1
76.871000 148.789000 1
13.128000 5.811000 3
1465.000000 1599.180000 2
4.835000 5.615000 3
119.644000 45.723000 1
320.281000 12.463000 1
3280.490000 475.700000 2
528.401000 33.156000 1
17.909000 1.555000 3
391.608000 12.915000 1
342.819000 12.912000 1
2753.110000 1506.760000 2
5.815000 0.008000 3
131.856000 151.757000 1
1064.260000 2097.320000 2
5.990000 0.225000 3
0.001000 22.319000 3
784.020000 2618.840000 2
0.660000 407.409000 1
396.440000 3436.160000 2
267.684000 163.442000 1
1.523000 17.126000 3
387.070000 2882.300000 2
1558.490000 958.670000 2
1569.580000 957.660000 2
137.296000 93.805000 1
21.615000 161.333000 1
2.804000 13.992000 3
522.150000 1218.760000 2
1.307000 14.937000 3
11.910000 238.415000 1
105.220000 124.498000 1
4.511000 13.856000 3
1407.800000 1260.230000 2
1646.680000 1260.290000 2
9.144000 0.246000 3
115.164000 126.243000 1
600.680000 1810.940000 2
3.475000 191.857000 1
6.116000 8.516000 3
4.585000 8.518000 3
1965.560000 2333.960000 2
46.014000 113.983000 1
4.474000 9.503000 3
43.411000 142.018000 1
109.452000 213.445000 1
4.234000 10.876000 3
99.562000 213.545000 1
1320.540000 2086.940000 2
82.142000 323.580000 1
1254.390000 2084.990000 2
1260.390000 1780.650000 2
3.822000 10.652000 3
2.612000 10.529000 3
3127.530000 176.850000 2
15.519000 4.997000 3
78.776000 98.517000 1
213.134000 124.777000 1
2275.810000 1455.110000 2
311.393000 49.777000 1
2273.520000 1466.690000 2
289.922000 3.348000 1
3075.450000 629.870000 2
1527.280000 2008.680000 2
1521.780000 2008.690000 2
2671.750000 830.630000 2
197.382000 103.325000 1
2.826000 7.626000 3
2015.740000 820.260000 2
34.667000 158.257000 1
2.836000 7.360000 3
1972.500000 769.620000 2
4.667000 7.419000 3
67.477000 176.341000 1
104.183000 92.999000 1
3.279000 6.382000 3
2611.650000 776.290000 2
2676.680000 1284.290000 2
1516.440000 2310.380000 2
1506.250000 2310.380000 2
0.589000 8.567000 3
0.590000 8.421000 3
82.751000 149.868000 1
38.908000 97.021000 1
218.417000 19.340000 1
0.443000 14.984000 3
0.432000 14.795000 3
295.392000 20.086000 1
1293.380000 1918.080000 2
2.226000 13.538000 3
2.224000 13.504000 3
1293.480000 1917.970000 2
1904.480000 772.980000 2
3.575000 10.060000 3
1897.310000 773.020000 2
2456.660000 773.080000 2
4.193000 9.385000 3
2439.910000 784.420000 2
3.944000 9.379000 3
2445.870000 1159.930000 2
3.863000 10.069000 3
139.303000 37.444000 1
0.468000 11.796000 3
0.805000 371.725000 1
302.024000 215.468000 1
300.618000 73.212000 1
1582.610000 1369.910000 2
